0.000000	0.000000	1.000000	0.000000	0.000000	1.000000	0.000000
0.040000	0.000800	1.039989	0.040000	0.000800	1.039989	0.040000
0.080000	0.003198	1.079915	0.080000	0.003198	1.079915	0.080000
0.120000	0.007191	1.119712	0.120000	0.007191	1.119712	0.120000
0.160000	0.012773	1.159318	0.160000	0.012773	1.159318	0.160000
0.200000	0.019933	1.198669	0.200000	0.019933	1.198669	0.200000
0.240000	0.028662	1.237703	0.240000	0.028662	1.237703	0.240000
0.280000	0.038945	1.276356	0.280000	0.038945	1.276356	0.280000
0.320000	0.050765	1.314567	0.320000	0.050765	1.314567	0.320000
0.360000	0.064103	1.352274	0.360000	0.064103	1.352274	0.360000
0.400000	0.078939	1.389418	0.400000	0.078939	1.389418	0.400000
0.440000	0.095248	1.425939	0.440000	0.095248	1.425939	0.440000
0.480000	0.113005	1.461779	0.480000	0.113005	1.461779	0.480000
0.520000	0.132181	1.496880	0.520000	0.132181	1.496880	0.520000
0.560000	0.152745	1.531186	0.560000	0.152745	1.531186	0.560000
0.600000	0.174664	1.564642	0.600000	0.174664	1.564642	0.600000
0.640000	0.197904	1.597195	0.640000	0.197904	1.597195	0.640000
0.680000	0.222427	1.628793	0.680000	0.222427	1.628793	0.680000
0.720000	0.248194	1.659385	0.720000	0.248194	1.659385	0.720000
0.760000	0.275164	1.688921	0.760000	0.275164	1.688921	0.760000
0.800000	0.303293	1.717356	0.800000	0.303293	1.717356	0.800000
0.840000	0.332537	1.744643	0.840000	0.332537	1.744643	0.840000
0.880000	0.362849	1.770739	0.880000	0.362849	1.770739	0.880000
0.920000	0.394180	1.795602	0.920000	0.394180	1.795602	0.920000
0.960000	0.426480	1.819192	0.960000	0.426480	1.819192	0.960000
1.000000	0.459698	1.841471	1.000000	0.459698	1.841471	1.000000
1.040000	0.493780	1.862404	1.040000	0.493780	1.862404	1.040000
1.080000	0.528672	1.881958	1.080000	0.528672	1.881958	1.080000
1.120000	0.564318	1.900100	1.120000	0.564318	1.900100	1.120000
1.160000	0.600660	1.916803	1.160000	0.600660	1.916803	1.160000
1.200000	0.637642	1.932039	1.200000	0.637642	1.932039	1.200000
1.240000	0.675204	1.945784	1.240000	0.675204	1.945784	1.240000
1.280000	0.713285	1.958016	1.280000	0.713285	1.958016	1.280000
1.320000	0.751825	1.968715	1.320000	0.751825	1.968715	1.320000
1.360000	0.790761	1.977865	1.360000	0.790761	1.977865	1.360000
1.400000	0.830033	1.985450	1.400000	0.830033	1.985450	1.400000
1.440000	0.869576	1.991458	1.440000	0.869576	1.991458	1.440000
1.480000	0.909328	1.995881	1.480000	0.909328	1.995881	1.480000
1.520000	0.949225	1.998710	1.520000	0.949226	1.998710	1.520000
1.560000	0.989204	1.999942	1.560000	0.989204	1.999942	1.560000
1.600000	1.029199	1.999574	1.600000	1.029200	1.999574	1.600000
1.640000	1.069148	1.997606	1.640000	1.069148	1.997606	1.640000
1.680000	1.108987	1.994043	1.680000	1.108987	1.994043	1.680000
1.720000	1.148651	1.988890	1.720000	1.148651	1.988890	1.720000
1.760000	1.188077	1.982154	1.760000	1.188077	1.982154	1.760000
1.800000	1.227202	1.973848	1.800000	1.227202	1.973848	1.800000
1.840000	1.265964	1.963983	1.840000	1.265964	1.963983	1.840000
1.880000	1.304300	1.952576	1.880000	1.304300	1.952576	1.880000
1.920000	1.342150	1.939645	1.920000	1.342150	1.939645	1.920000
1.960000	1.379452	1.925212	1.960000	1.379452	1.925212	1.960000
2.000000	1.416147	1.909297	2.000000	1.416147	1.909297	2.000000
2.040000	1.452176	1.891929	2.040000	1.452176	1.891929	2.040000
2.080000	1.487482	1.873133	2.080000	1.487482	1.873133	2.080000
2.120000	1.522008	1.852941	2.120000	1.522008	1.852940	2.120000
2.160000	1.555699	1.831383	2.160000	1.555699	1.831383	2.160000
2.200000	1.588501	1.808496	2.200000	1.588501	1.808496	2.200000
2.240000	1.620362	1.784316	2.240000	1.620362	1.784316	2.240000
2.280000	1.651230	1.758881	2.280000	1.651230	1.758881	2.280000
2.320000	1.681056	1.732231	2.320000	1.681056	1.732231	2.320000
2.360000	1.709793	1.704411	2.360000	1.709793	1.704411	2.360000
2.400000	1.737394	1.675463	2.400000	1.737394	1.675463	2.400000
2.440000	1.763815	1.645435	2.440000	1.763815	1.645435	2.440000
2.480000	1.789015	1.614374	2.480000	1.789015	1.614374	2.480000
2.520000	1.812952	1.582331	2.520000	1.812952	1.582331	2.520000
2.560000	1.835589	1.549355	2.560000	1.835589	1.549355	2.560000
2.600000	1.856889	1.515501	2.600000	1.856889	1.515501	2.600000
2.640000	1.876818	1.480823	2.640000	1.876818	1.480823	2.640000
2.680000	1.895344	1.445375	2.680000	1.895344	1.445375	2.680000
2.720000	1.912438	1.409214	2.720000	1.912438	1.409214	2.720000
2.760000	1.928073	1.372399	2.760000	1.928073	1.372399	2.760000
2.800000	1.942222	1.334988	2.800000	1.942222	1.334988	2.800000
2.840000	1.954865	1.297041	2.840000	1.954865	1.297041	2.840000
2.880000	1.965979	1.258619	2.880000	1.965979	1.258619	2.880000
2.920000	1.975549	1.219784	2.920000	1.975549	1.219784	2.920000
2.960000	1.983557	1.180596	2.960000	1.983557	1.180596	2.960000
3.000000	1.989992	1.141120	3.000000	1.989992	1.141120	3.000000
3.040000	1.994844	1.101418	3.040000	1.994844	1.101418	3.040000
3.080000	1.998104	1.061554	3.080000	1.998104	1.061554	3.080000
3.120000	1.999767	1.021591	3.120000	1.999767	1.021591	3.120000
3.160000	1.999831	0.981594	3.160000	1.999831	0.981594	3.160000
3.200000	1.998295	0.941626	3.200000	1.998295	0.941626	3.200000
3.240000	1.995162	0.901751	3.240000	1.995162	0.901751	3.240000
3.280000	1.990437	0.862034	3.280000	1.990437	0.862034	3.280000
3.320000	1.984128	0.822538	3.320000	1.984128	0.822538	3.320000
3.360000	1.976244	0.783325	3.360000	1.976244	0.783325	3.360000
3.400000	1.966798	0.744459	3.400000	1.966798	0.744459	3.400000
3.440000	1.955806	0.706002	3.440000	1.955806	0.706002	3.440000
3.480000	1.943285	0.668015	3.480000	1.943285	0.668015	3.480000
3.520000	1.929254	0.630559	3.520000	1.929254	0.630559	3.520000
3.560000	1.913737	0.593694	3.560000	1.913737	0.593694	3.560000
3.600000	1.896758	0.557480	3.600000	1.896758	0.557480	3.600000
3.640000	1.878345	0.521973	3.640000	1.878345	0.521973	3.640000
3.680000	1.858526	0.487231	3.680000	1.858526	0.487231	3.680000
3.720000	1.837334	0.453309	3.720000	1.837334	0.453309	3.720000
3.760000	1.814803	0.420262	3.760000	1.814803	0.420262	3.760000
3.800000	1.790968	0.388142	3.800000	1.790968	0.388142	3.800000
3.840000	1.765867	0.357001	3.840000	1.765867	0.357001	3.840000
3.880000	1.739542	0.326889	3.880000	1.739542	0.326889	3.880000
3.920000	1.712033	0.297854	3.920000	1.712033	0.297854	3.920000
3.960000	1.683385	0.269942	3.960000	1.683385	0.269942	3.960000
4.000000	1.653644	0.243198	4.000000	1.653644	0.243198	4.000000
4.040000	1.622857	0.217664	4.040000	1.622857	0.217664	4.040000
4.080000	1.591074	0.193382	4.080000	1.591073	0.193382	4.080000
4.120000	1.558345	0.170391	4.120000	1.558345	0.170391	4.120000
4.160000	1.524722	0.148727	4.160000	1.524722	0.148727	4.160000
4.200000	1.490261	0.128424	4.200000	1.490261	0.128424	4.200000
4.240000	1.455015	0.109516	4.240000	1.455015	0.109516	4.240000
4.280000	1.419041	0.092033	4.280000	1.419041	0.092033	4.280000
4.320000	1.382397	0.076002	4.320000	1.382397	0.076002	4.320000
4.360000	1.345141	0.061449	4.360000	1.345141	0.061449	4.360000
4.400000	1.307333	0.048398	4.400000	1.307333	0.048398	4.400000
4.440000	1.269033	0.036869	4.440000	1.269033	0.036869	4.440000
4.480000	1.230303	0.026881	4.480000	1.230303	0.026881	4.480000
4.520000	1.191204	0.018450	4.520000	1.191204	0.018450	4.520000
4.560000	1.151800	0.011589	4.560000	1.151800	0.011589	4.560000
4.600000	1.112153	0.006309	4.600000	1.112153	0.006309	4.600000
4.640000	1.072326	0.002619	4.640000	1.072326	0.002619	4.640000
4.680000	1.032383	0.000524	4.680000	1.032383	0.000524	4.680000
4.720000	0.992389	0.000029	4.720000	0.992389	0.000029	4.720000
4.760000	0.952407	0.001133	4.760000	0.952407	0.001133	4.760000
4.800000	0.912501	0.003835	4.800000	0.912501	0.003835	4.800000
4.840000	0.872735	0.008131	4.840000	0.872735	0.008131	4.840000
4.880000	0.833173	0.014014	4.880000	0.833173	0.014014	4.880000
4.920000	0.793877	0.021474	4.920000	0.793877	0.021474	4.920000
4.960000	0.754912	0.030499	4.960000	0.754911	0.030499	4.960000
5.000000	0.716338	0.041076	5.000000	0.716338	0.041076	5.000000
5.040000	0.678218	0.053186	5.040000	0.678218	0.053186	5.040000
5.080000	0.640613	0.066811	5.080000	0.640613	0.066811	5.080000
5.120000	0.603583	0.081929	5.120000	0.603583	0.081930	5.120000
5.160000	0.567187	0.098516	5.160000	0.567187	0.098516	5.160000
5.200000	0.531483	0.116545	5.200000	0.531483	0.116545	5.200000
5.240000	0.496529	0.135988	5.240000	0.496529	0.135988	5.240000
5.280000	0.462381	0.156812	5.280000	0.462381	0.156812	5.280000
5.320000	0.429092	0.178986	5.320000	0.429092	0.178986	5.320000
5.360000	0.396717	0.202473	5.360000	0.396717	0.202473	5.360000
5.400000	0.365307	0.227235	5.400000	0.365307	0.227236	5.400000
5.440000	0.334913	0.253235	5.440000	0.334912	0.253235	5.440000
5.480000	0.305582	0.280428	5.480000	0.305582	0.280428	5.480000
5.520000	0.277362	0.308773	5.520000	0.277362	0.308773	5.520000
5.560000	0.250299	0.338224	5.560000	0.250298	0.338224	5.560000
5.600000	0.224434	0.368733	5.600000	0.224434	0.368733	5.600000
5.640000	0.199811	0.400253	5.640000	0.199811	0.400253	5.640000
5.680000	0.176467	0.432731	5.680000	0.176467	0.432731	5.680000
5.720000	0.154441	0.466118	5.720000	0.154441	0.466118	5.720000
5.760000	0.133768	0.500358	5.760000	0.133768	0.500358	5.760000
5.800000	0.114481	0.535398	5.800000	0.114480	0.535398	5.800000
5.840000	0.096610	0.571181	5.840000	0.096610	0.571181	5.840000
5.880000	0.080184	0.607650	5.880000	0.080184	0.607650	5.880000
5.920000	0.065230	0.644746	5.920000	0.065230	0.644746	5.920000
5.960000	0.051771	0.682411	5.960000	0.051771	0.682411	5.960000
6.000000	0.039830	0.720584	6.000000	0.039830	0.720585	6.000000
6.040000	0.029424	0.759204	6.040000	0.029424	0.759205	6.040000
6.080000	0.020571	0.798210	6.080000	0.020571	0.798210	6.080000
6.120000	0.013285	0.837538	6.120000	0.013285	0.837538	6.120000
6.160000	0.007578	0.877126	6.160000	0.007578	0.877126	6.160000
6.200000	0.003458	0.916910	6.200000	0.003458	0.916911	6.200000
6.240000	0.000932	0.956828	6.240000	0.000932	0.956828	6.240000
6.280000	0.000005	0.996815	6.280000	0.000005	0.996815	6.280000
6.320000	0.000678	1.036806	6.320000	0.000678	1.036806	6.320000
6.360000	0.002949	1.076739	6.360000	0.002949	1.076739	6.360000
6.400000	0.006815	1.116549	6.400000	0.006815	1.116549	6.400000
6.440000	0.012270	1.156173	6.440000	0.012270	1.156173	6.440000
6.480000	0.019306	1.195546	6.480000	0.019306	1.195547	6.480000
6.520000	0.027910	1.234607	6.520000	0.027910	1.234607	6.520000
6.560000	0.038069	1.273293	6.560000	0.038069	1.273293	6.560000
6.600000	0.049767	1.311541	6.600000	0.049767	1.311541	6.600000
6.640000	0.062986	1.349291	6.640000	0.062986	1.349291	6.640000
6.680000	0.077703	1.386482	6.680000	0.077703	1.386483	6.680000
6.720000	0.093896	1.423055	6.720000	0.093896	1.423055	6.720000
6.760000	0.111539	1.458951	6.760000	0.111539	1.458951	6.760000
6.800000	0.130602	1.494113	6.800000	0.130603	1.494113	6.800000
6.840000	0.151057	1.528485	6.840000	0.151057	1.528485	6.840000
6.880000	0.172870	1.562011	6.880000	0.172870	1.562011	6.880000
6.920000	0.196006	1.594637	6.920000	0.196006	1.594637	6.920000
6.960000	0.220428	1.626313	6.960000	0.220428	1.626313	6.960000
7.000000	0.246098	1.656986	7.000000	0.246098	1.656987	7.000000
7.040000	0.272973	1.686609	7.040000	0.272973	1.686609	7.040000
7.080000	0.301012	1.715133	7.080000	0.301012	1.715133	7.080000
7.120000	0.330169	1.742513	7.120000	0.330169	1.742513	7.120000
7.160000	0.360397	1.768705	7.160000	0.360397	1.768705	7.160000
7.200000	0.391649	1.793668	7.200000	0.391649	1.793668	7.200000
7.240000	0.423873	1.817360	7.240000	0.423874	1.817361	7.240000
7.280000	0.457020	1.839746	7.280000	0.457020	1.839746	7.280000
7.320000	0.491035	1.860787	7.320000	0.491035	1.860787	7.320000
7.360000	0.525865	1.880452	7.360000	0.525865	1.880452	7.360000
7.400000	0.561453	1.898708	7.400000	0.561453	1.898708	7.400000
7.440000	0.597742	1.915526	7.440000	0.597742	1.915526	7.440000
7.480000	0.634675	1.930880	7.480000	0.634675	1.930880	7.480000
7.520000	0.672193	1.944745	7.520000	0.672193	1.944745	7.520000
7.560000	0.710235	1.957098	7.560000	0.710235	1.957098	7.560000
7.600000	0.748740	1.967920	7.600000	0.748740	1.967920	7.600000
7.640000	0.787647	1.977193	7.640000	0.787648	1.977193	7.640000
7.680000	0.826895	1.984903	7.680000	0.826895	1.984903	7.680000
7.720000	0.866419	1.991038	7.720000	0.866419	1.991038	7.720000
7.760000	0.906156	1.995587	7.760000	0.906157	1.995587	7.760000
7.800000	0.946044	1.998543	7.800000	0.946045	1.998543	7.800000
7.840000	0.986019	1.999902	7.840000	0.986019	1.999902	7.840000
7.880000	1.026015	1.999662	7.880000	1.026015	1.999662	7.880000
7.920000	1.065970	1.997822	7.920000	1.065970	1.997822	7.920000
7.960000	1.105820	1.994385	7.960000	1.105820	1.994385	7.960000
8.000000	1.145500	1.989358	8.000000	1.145500	1.989358	8.000000
8.040000	1.184947	1.982748	8.040000	1.184947	1.982748	8.040000
8.080000	1.224099	1.974566	8.080000	1.224099	1.974566	8.080000
8.120000	1.262892	1.964825	8.120000	1.262892	1.964825	8.120000
8.160000	1.301264	1.953541	8.160000	1.301264	1.953541	8.160000
8.200000	1.339155	1.940731	8.200000	1.339155	1.940731	8.200000
8.240000	1.376503	1.926416	8.240000	1.376503	1.926415	8.240000
8.280000	1.413248	1.910618	8.280000	1.413248	1.910618	8.280000
8.320000	1.449333	1.893365	8.320000	1.449333	1.893364	8.320000
8.360000	1.484698	1.874681	8.360000	1.484698	1.874681	8.360000
8.400000	1.519288	1.854599	8.400000	1.519289	1.854599	8.400000
8.440000	1.553048	1.833149	8.440000	1.553048	1.833149	8.440000
8.480000	1.585923	1.810367	8.480000	1.585923	1.810367	8.480000
8.520000	1.617860	1.786288	8.520000	1.617860	1.786288	8.520000
8.560000	1.648809	1.760951	8.560000	1.648809	1.760951	8.560000
8.600000	1.678720	1.734397	8.600000	1.678720	1.734397	8.600000
8.640000	1.707545	1.706668	8.640000	1.707545	1.706668	8.640000
8.680000	1.735238	1.677809	8.680000	1.735238	1.677809	8.680000
8.720000	1.761755	1.647865	8.720000	1.761755	1.647865	8.720000
8.760000	1.787054	1.616885	8.760000	1.787054	1.616884	8.760000
8.800000	1.811093	1.584917	8.800000	1.811093	1.584917	8.800000
8.840000	1.833835	1.552014	8.840000	1.833835	1.552014	8.840000
8.880000	1.855242	1.518228	8.880000	1.855242	1.518228	8.880000
8.920000	1.875282	1.483613	8.920000	1.875282	1.483613	8.920000
8.960000	1.893921	1.448224	8.960000	1.893921	1.448224	8.960000
9.000000	1.911130	1.412119	9.000000	1.911130	1.412118	9.000000
9.040000	1.926882	1.375354	9.040000	1.926882	1.375353	9.040000
9.080000	1.941150	1.337988	9.080000	1.941151	1.337988	9.080000
9.120000	1.953914	1.300082	9.120000	1.953914	1.300081	9.120000
9.160000	1.965151	1.261695	9.160000	1.965151	1.261695	9.160000
9.200000	1.974844	1.222890	9.200000	1.974844	1.222890	9.200000
9.240000	1.982977	1.183728	9.240000	1.982977	1.183728	9.240000
9.280000	1.989538	1.144273	9.280000	1.989538	1.144273	9.280000
9.320000	1.994516	1.104587	9.320000	1.994516	1.104586	9.320000
9.360000	1.997903	1.064733	9.360000	1.997903	1.064733	9.360000
9.400000	1.999693	1.024776	9.400000	1.999693	1.024775	9.400000
9.440000	1.999884	0.984779	9.440000	1.999884	0.984779	9.440000
9.480000	1.998476	0.944806	9.480000	1.998476	0.944806	9.480000
9.520000	1.995470	0.904922	9.520000	1.995470	0.904922	9.520000
9.560000	1.990871	0.865190	9.560000	1.990871	0.865190	9.560000
9.600000	1.984688	0.825673	9.600000	1.984688	0.825673	9.600000
9.640000	1.976929	0.786436	9.640000	1.976929	0.786436	9.640000
9.680000	1.967607	0.747540	9.680000	1.967607	0.747540	9.680000
9.720000	1.956738	0.709048	9.720000	1.956738	0.709048	9.720000
9.760000	1.944337	0.671021	9.760000	1.944337	0.671021	9.760000
9.800000	1.930426	0.633521	9.800000	1.930426	0.633521	9.800000
9.840000	1.915027	0.596607	9.840000	1.915027	0.596607	9.840000
9.880000	1.898164	0.560338	9.880000	1.898163	0.560338	9.880000
9.920000	1.879863	0.524773	9.920000	1.879863	0.524773	9.920000
9.960000	1.860156	0.489968	9.960000	1.860155	0.489968	9.960000
10.000000	1.839072	0.455979	10.000000	1.839072	0.455979	10.000000
10.040000	1.816645	0.422860	10.040000	1.816645	0.422860	10.040000
10.080000	1.792913	0.390665	10.080000	1.792913	0.390665	10.080000
10.120000	1.767912	0.359444	10.120000	1.767911	0.359444	10.120000
10.160000	1.741682	0.329248	10.160000	1.741682	0.329248	10.160000
10.200000	1.714266	0.300125	10.200000	1.714266	0.300125	10.200000
10.240000	1.685707	0.272122	10.240000	1.685707	0.272122	10.240000
10.280000	1.656051	0.245284	10.280000	1.656051	0.245283	10.280000
10.320000	1.625346	0.219652	10.320000	1.625346	0.219652	10.320000
10.360000	1.593640	0.195269	10.360000	1.593640	0.195269	10.360000
10.400000	1.560984	0.172174	10.400000	1.560984	0.172174	10.400000
10.440000	1.527431	0.150402	10.440000	1.527431	0.150402	10.440000
10.480000	1.493035	0.129990	10.480000	1.493035	0.129990	10.480000
10.520000	1.457849	0.110970	10.520000	1.457849	0.110970	10.520000
10.560000	1.421931	0.093372	10.560000	1.421931	0.093372	10.560000
10.600000	1.385338	0.077225	10.600000	1.385338	0.077225	10.600000
10.640000	1.348129	0.062553	10.640000	1.348129	0.062553	10.640000
10.680000	1.310363	0.049382	10.680000	1.310362	0.049382	10.680000
10.720000	1.272100	0.037731	10.720000	1.272100	0.037731	10.720000
10.760000	1.233402	0.027620	10.760000	1.233401	0.027620	10.760000
10.800000	1.194330	0.019064	10.800000	1.194330	0.019064	10.800000
10.840000	1.154948	0.012077	10.840000	1.154947	0.012077	10.840000
10.880000	1.115317	0.006671	10.880000	1.115317	0.006671	10.880000
10.920000	1.075503	0.002854	10.920000	1.075502	0.002854	10.920000
10.960000	1.035567	0.000633	10.960000	1.035567	0.000633	10.960000
11.000000	0.995575	0.000010	11.000000	0.995574	0.000010	11.000000
11.040000	0.955589	0.000987	11.040000	0.955589	0.000987	11.040000
11.080000	0.915675	0.003562	11.080000	0.915675	0.003562	11.080000
11.120000	0.875895	0.007731	11.120000	0.875895	0.007731	11.120000
11.160000	0.836314	0.013487	11.160000	0.836314	0.013487	11.160000
11.200000	0.796995	0.020822	11.200000	0.796995	0.020822	11.200000
11.240000	0.758001	0.029723	11.240000	0.758001	0.029724	11.240000
11.280000	0.719394	0.040177	11.280000	0.719394	0.040177	11.280000
11.320000	0.681236	0.052166	11.320000	0.681235	0.052166	11.320000
11.360000	0.643587	0.065671	11.360000	0.643587	0.065671	11.360000
11.400000	0.606509	0.080671	11.400000	0.606509	0.080671	11.400000
11.440000	0.570061	0.097142	11.440000	0.570061	0.097142	11.440000
11.480000	0.534300	0.115057	11.480000	0.534300	0.115057	11.480000
11.520000	0.499284	0.134388	11.520000	0.499284	0.134388	11.520000
11.560000	0.465070	0.155104	11.560000	0.465069	0.155104	11.560000
11.600000	0.431711	0.177171	11.600000	0.431710	0.177171	11.600000
11.640000	0.399261	0.200555	11.640000	0.399261	0.200555	11.640000
11.680000	0.367772	0.225218	11.680000	0.367772	0.225218	11.680000
11.720000	0.337295	0.251120	11.720000	0.337295	0.251120	11.720000
11.760000	0.307878	0.278220	11.760000	0.307877	0.278220	11.760000
11.800000	0.279568	0.306475	11.800000	0.279568	0.306475	11.800000
11.840000	0.252410	0.335839	11.840000	0.252410	0.335839	11.840000
11.880000	0.226449	0.366266	11.880000	0.226449	0.366266	11.880000
11.920000	0.201725	0.397707	11.920000	0.201725	0.397707	11.920000
11.960000	0.178278	0.430111	11.960000	0.178278	0.430111	11.960000
12.000000	0.156146	0.463427	12.000000	0.156146	0.463427	12.000000
12.040000	0.135364	0.497601	12.040000	0.135364	0.497601	12.040000
12.080000	0.115965	0.532579	12.080000	0.115965	0.532580	12.080000
12.120000	0.097980	0.568305	12.120000	0.097980	0.568305	12.120000
12.160000	0.081439	0.604722	12.160000	0.081439	0.604722	12.160000
12.200000	0.066366	0.641770	12.200000	0.066366	0.641771	12.200000
12.240000	0.052788	0.679392	12.240000	0.052788	0.679393	12.240000
12.280000	0.040725	0.717527	12.280000	0.040725	0.717527	12.280000
12.320000	0.030196	0.756114	12.320000	0.030196	0.756114	12.320000
12.360000	0.021219	0.795091	12.360000	0.021219	0.795091	12.360000
12.400000	0.013808	0.834396	12.400000	0.013808	0.834396	12.400000
12.440000	0.007974	0.873965	12.440000	0.007974	0.873965	12.440000
12.480000	0.003728	0.913736	12.480000	0.003728	0.913737	12.480000
12.520000	0.001075	0.953646	12.520000	0.001075	0.953646	12.520000
12.560000	0.000020	0.993629	12.560000	0.000020	0.993629	12.560000
12.600000	0.000565	1.033623	12.600000	0.000565	1.033623	12.600000
12.640000	0.002709	1.073563	12.640000	0.002709	1.073563	12.640000
12.680000	0.006449	1.113385	12.680000	0.006449	1.113385	12.680000
12.720000	0.011778	1.153026	12.720000	0.011778	1.153026	12.720000
12.760000	0.018688	1.192421	12.760000	0.018688	1.192422	12.760000
12.800000	0.027167	1.231510	12.800000	0.027167	1.231510	12.800000
12.840000	0.037203	1.270227	12.840000	0.037204	1.270228	12.840000
12.880000	0.048780	1.308513	12.880000	0.048780	1.308513	12.880000
12.920000	0.061878	1.346305	12.920000	0.061878	1.346305	12.920000
12.960000	0.076477	1.383542	12.960000	0.076477	1.383543	12.960000
13.000000	0.092553	1.420167	13.000000	0.092553	1.420167	13.000000
13.040000	0.110081	1.456119	13.040000	0.110081	1.456119	13.040000
13.080000	0.129033	1.491341	13.080000	0.129033	1.491342	13.080000
13.120000	0.149378	1.525778	13.120000	0.149378	1.525778	13.120000
13.160000	0.171084	1.559373	13.160000	0.171084	1.559373	13.160000
13.200000	0.194116	1.592073	13.200000	0.194116	1.592074	13.200000
13.240000	0.218437	1.623826	13.240000	0.218437	1.623827	13.240000
13.280000	0.244009	1.654582	13.280000	0.244009	1.654582	13.280000
13.320000	0.270790	1.684290	13.320000	0.270790	1.684290	13.320000
13.360000	0.298737	1.712903	13.360000	0.298737	1.712903	13.360000
13.400000	0.327807	1.740376	13.400000	0.327807	1.740376	13.400000
13.440000	0.357952	1.766664	13.440000	0.357952	1.766664	13.440000
13.480000	0.389123	1.791726	13.480000	0.389124	1.791726	13.480000
13.520000	0.421273	1.815521	13.520000	0.421273	1.815521	13.520000
13.560000	0.454348	1.838012	13.560000	0.454348	1.838012	13.560000
13.600000	0.488296	1.859162	13.600000	0.488296	1.859162	13.600000
13.640000	0.523062	1.878937	13.640000	0.523063	1.878937	13.640000
13.680000	0.558592	1.897306	13.680000	0.558592	1.897307	13.680000
13.720000	0.594828	1.914240	13.720000	0.594828	1.914240	13.720000
13.760000	0.631712	1.929712	13.760000	0.631712	1.929712	13.760000
13.800000	0.669185	1.943696	13.800000	0.669185	1.943696	13.800000
13.840000	0.707187	1.956170	13.840000	0.707188	1.956170	13.840000
13.880000	0.745658	1.967114	13.880000	0.745658	1.967114	13.880000
13.920000	0.784536	1.976512	13.920000	0.784536	1.976512	13.920000
13.960000	0.823758	1.984347	13.960000	0.823758	1.984347	13.960000
14.000000	0.863262	1.990607	14.000000	0.863263	1.990607	14.000000
14.040000	0.902986	1.995283	14.040000	0.902986	1.995283	14.040000
14.080000	0.942864	1.998366	14.080000	0.942864	1.998366	14.080000
14.120000	0.982834	1.999853	14.120000	0.982834	1.999853	14.120000
14.160000	1.022831	1.999739	14.160000	1.022831	1.999739	14.160000
14.200000	1.062791	1.998027	14.200000	1.062792	1.998027	14.200000
14.240000	1.102652	1.994717	14.240000	1.102652	1.994717	14.240000
14.280000	1.142348	1.989817	14.280000	1.142348	1.989817	14.280000
14.320000	1.181816	1.983333	14.320000	1.181816	1.983333	14.320000
14.360000	1.220993	1.975275	14.360000	1.220994	1.975275	14.360000
14.400000	1.259817	1.965658	14.400000	1.259817	1.965658	14.400000
14.440000	1.298225	1.954496	14.440000	1.298226	1.954495	14.440000
14.480000	1.336156	1.941806	14.480000	1.336157	1.941806	14.480000
14.520000	1.373550	1.927610	14.520000	1.373550	1.927610	14.520000
14.560000	1.410345	1.911930	14.560000	1.410346	1.911930	14.560000
14.600000	1.446485	1.894791	14.600000	1.446485	1.894791	14.600000
14.640000	1.481910	1.876221	14.640000	1.481910	1.876221	14.640000
14.680000	1.516564	1.856249	14.680000	1.516564	1.856249	14.680000
14.720000	1.550391	1.834907	14.720000	1.550391	1.834907	14.720000
14.760000	1.583338	1.812229	14.760000	1.583339	1.812229	14.760000
14.800000	1.615352	1.788252	14.800000	1.615352	1.788252	14.800000
14.840000	1.646382	1.763014	14.840000	1.646382	1.763014	14.840000
14.880000	1.676377	1.736556	14.880000	1.676377	1.736555	14.880000
14.920000	1.705290	1.708918	14.920000	1.705291	1.708918	14.920000
14.960000	1.733075	1.680147	14.960000	1.733076	1.680147	14.960000
15.000000	1.759688	1.650288	15.000000	1.759688	1.650288	15.000000
15.040000	1.785085	1.619389	15.040000	1.785085	1.619388	15.040000
15.080000	1.809226	1.587498	15.080000	1.809226	1.587498	15.080000
15.120000	1.832072	1.554668	15.120000	1.832072	1.554667	15.120000
15.160000	1.853587	1.520950	15.160000	1.853587	1.520950	15.160000
15.200000	1.873737	1.486399	15.200000	1.873737	1.486399	15.200000
15.240000	1.892489	1.451070	15.240000	1.892489	1.451069	15.240000
15.280000	1.909813	1.415019	15.280000	1.909813	1.415019	15.280000
15.320000	1.925681	1.378304	15.320000	1.925681	1.378304	15.320000
15.360000	1.940069	1.340984	15.360000	1.940069	1.340984	15.360000
15.400000	1.952953	1.303119	15.400000	1.952953	1.303118	15.400000
15.440000	1.964312	1.264768	15.440000	1.964312	1.264768	15.440000
15.480000	1.974129	1.225994	15.480000	1.974129	1.225994	15.480000
15.520000	1.982387	1.186859	15.520000	1.982387	1.186858	15.520000
15.560000	1.989073	1.147424	15.560000	1.989073	1.147424	15.560000
15.600000	1.994178	1.107754	15.600000	1.994178	1.107754	15.600000
15.640000	1.997691	1.067911	15.640000	1.997691	1.067911	15.640000
15.680000	1.999609	1.027960	15.680000	1.999609	1.027960	15.680000
15.720000	1.999928	0.987964	15.720000	1.999928	0.987964	15.720000
15.760000	1.998646	0.947987	15.760000	1.998646	0.947987	15.760000
15.800000	1.995768	0.908093	15.800000	1.995768	0.908093	15.800000
15.840000	1.991296	0.868347	15.840000	1.991296	0.868347	15.840000
15.880000	1.985238	0.828811	15.880000	1.985238	0.828811	15.880000
15.920000	1.977604	0.789549	15.920000	1.977604	0.789549	15.920000
15.960000	1.968407	0.750623	15.960000	1.968407	0.750623	15.960000
16.000000	1.957660	0.712097	16.000000	1.957659	0.712097	16.000000
16.040000	1.945380	0.674031	16.040000	1.945380	0.674031	16.040000
16.080000	1.931589	0.636487	16.080000	1.931589	0.636486	16.080000
16.120000	1.916307	0.599524	16.120000	1.916307	0.599524	16.120000
16.160000	1.899559	0.563202	16.160000	1.899559	0.563201	16.160000
16.200000	1.881373	0.527578	16.200000	1.881372	0.527578	16.200000
16.240000	1.861776	0.492711	16.240000	1.861776	0.492710	16.240000
16.280000	1.840800	0.458655	16.280000	1.840800	0.458654	16.280000
16.320000	1.818480	0.425465	16.320000	1.818480	0.425464	16.320000
16.360000	1.794850	0.393194	16.360000	1.794850	0.393193	16.360000
16.400000	1.769948	0.361894	16.400000	1.769948	0.361893	16.400000
16.440000	1.743815	0.331614	16.440000	1.743815	0.331614	16.440000
16.480000	1.716492	0.302404	16.480000	1.716491	0.302404	16.480000
16.520000	1.688022	0.274310	16.520000	1.688022	0.274310	16.520000
16.560000	1.658452	0.247377	16.560000	1.658452	0.247377	16.560000
16.600000	1.627828	0.221648	16.600000	1.627828	0.221648	16.600000
16.640000	1.596200	0.197164	16.640000	1.596200	0.197164	16.640000
16.680000	1.563619	0.173965	16.680000	1.563618	0.173965	16.680000
16.720000	1.530135	0.152087	16.720000	1.530135	0.152087	16.720000
16.760000	1.495804	0.131565	16.760000	1.495803	0.131565	16.760000
16.800000	1.460679	0.112433	16.800000	1.460679	0.112433	16.800000
16.840000	1.424817	0.094721	16.840000	1.424817	0.094721	16.840000
16.880000	1.388276	0.078457	16.880000	1.388276	0.078457	16.880000
16.920000	1.351113	0.063667	16.920000	1.351113	0.063667	16.920000
16.960000	1.313389	0.050375	16.960000	1.313389	0.050375	16.960000
17.000000	1.275164	0.038603	17.000000	1.275163	0.038603	17.000000
17.040000	1.236498	0.028368	17.040000	1.236498	0.028368	17.040000
17.080000	1.197454	0.019688	17.080000	1.197453	0.019688	17.080000
17.120000	1.158094	0.012576	17.120000	1.158094	0.012576	17.120000
17.160000	1.118481	0.007044	17.160000	1.118481	0.007044	17.160000
17.200000	1.078679	0.003100	17.200000	1.078678	0.003100	17.200000
17.240000	1.038750	0.000751	17.240000	1.038750	0.000751	17.240000
17.280000	0.998760	0.000001	17.280000	0.998760	0.000001	17.280000
17.320000	0.958772	0.000850	17.320000	0.958771	0.000850	17.320000
17.360000	0.918849	0.003298	17.360000	0.918849	0.003298	17.360000
17.400000	0.879057	0.007341	17.400000	0.879056	0.007341	17.400000
17.440000	0.839458	0.012971	17.440000	0.839457	0.012971	17.440000
17.480000	0.800116	0.020181	17.480000	0.800115	0.020181	17.480000
17.520000	0.761093	0.028958	17.520000	0.761093	0.028958	17.520000
17.560000	0.722453	0.039288	17.560000	0.722452	0.039288	17.560000
17.600000	0.684257	0.051155	17.600000	0.684256	0.051156	17.600000
17.640000	0.646566	0.064541	17.640000	0.646565	0.064541	17.640000
17.680000	0.609440	0.079423	17.680000	0.609439	0.079423	17.680000
17.720000	0.572939	0.095777	17.720000	0.572939	0.095777	17.720000
17.760000	0.537121	0.113578	17.760000	0.537121	0.113579	17.760000
17.800000	0.502044	0.132798	17.800000	0.502044	0.132798	17.800000
17.840000	0.467764	0.153404	17.840000	0.467763	0.153404	17.840000
17.880000	0.434335	0.175365	17.880000	0.434334	0.175365	17.880000
17.920000	0.401810	0.198645	17.920000	0.401810	0.198646	17.920000
17.960000	0.370243	0.223208	17.960000	0.370243	0.223208	17.960000
18.000000	0.339684	0.249013	18.000000	0.339683	0.249013	18.000000
18.040000	0.310180	0.276019	18.040000	0.310180	0.276019	18.040000
18.080000	0.281781	0.304183	18.080000	0.281780	0.304184	18.080000
18.120000	0.254530	0.333461	18.120000	0.254530	0.333461	18.120000
18.160000	0.228472	0.363805	18.160000	0.228471	0.363805	18.160000
18.200000	0.203648	0.395167	18.200000	0.203648	0.395167	18.200000
18.240000	0.180098	0.427496	18.240000	0.180098	0.427497	18.240000
18.280000	0.157860	0.460742	18.280000	0.157859	0.460742	18.280000
18.320000	0.136969	0.494850	18.320000	0.136969	0.494850	18.320000
18.360000	0.117458	0.529766	18.360000	0.117458	0.529766	18.360000
18.400000	0.099360	0.565434	18.400000	0.099360	0.565434	18.400000
18.440000	0.082702	0.601798	18.440000	0.082702	0.601798	18.440000
18.480000	0.067512	0.638798	18.480000	0.067512	0.638799	18.480000
18.520000	0.053814	0.676377	18.520000	0.053814	0.676377	18.520000
18.560000	0.041629	0.714473	18.560000	0.041629	0.714473	18.560000
18.600000	0.030978	0.753026	18.600000	0.030978	0.753026	18.600000
18.640000	0.021877	0.791974	18.640000	0.021877	0.791974	18.640000
18.680000	0.014340	0.831255	18.680000	0.014340	0.831255	18.680000
18.720000	0.008381	0.870806	18.720000	0.008381	0.870806	18.720000
18.760000	0.004008	0.910563	18.760000	0.004007	0.910564	18.760000
18.800000	0.001228	0.950464	18.800000	0.001228	0.950464	18.800000
18.840000	0.000046	0.990444	18.840000	0.000046	0.990444	18.840000
18.880000	0.000463	1.030439	18.880000	0.000463	1.030439	18.880000
18.920000	0.002480	1.070385	18.920000	0.002480	1.070386	18.920000
18.960000	0.006093	1.110219	18.960000	0.006093	1.110220	18.960000
19.000000	0.011295	1.149877	19.000000	0.011295	1.149877	19.000000
19.040000	0.018080	1.189295	19.040000	0.018080	1.189295	19.040000
19.080000	0.026435	1.228409	19.080000	0.026435	1.228410	19.080000
19.120000	0.036348	1.267159	19.120000	0.036348	1.267159	19.120000
19.160000	0.047802	1.305481	19.160000	0.047802	1.305482	19.160000
19.200000	0.060780	1.343315	19.200000	0.060780	1.343315	19.200000
19.240000	0.075260	1.380599	19.240000	0.075260	1.380599	19.240000
19.280000	0.091219	1.417274	19.280000	0.091219	1.417274	19.280000
19.320000	0.108633	1.453282	19.320000	0.108633	1.453282	19.320000
19.360000	0.127472	1.488564	19.360000	0.127472	1.488565	19.360000
19.400000	0.147707	1.523065	19.400000	0.147708	1.523066	19.400000
19.440000	0.169306	1.556730	19.440000	0.169306	1.556730	19.440000
19.480000	0.192234	1.589503	19.480000	0.192234	1.589504	19.480000
19.520000	0.216454	1.621334	19.520000	0.216454	1.621334	19.520000
19.560000	0.241927	1.652170	19.560000	0.241928	1.652170	19.560000
19.600000	0.268614	1.681963	19.600000	0.268614	1.681964	19.600000
19.640000	0.296470	1.710665	19.640000	0.296470	1.710666	19.640000
19.680000	0.325452	1.738231	19.680000	0.325452	1.738231	19.680000
19.720000	0.355513	1.764615	19.720000	0.355513	1.764615	19.720000
19.760000	0.386605	1.789776	19.760000	0.386605	1.789776	19.760000
19.800000	0.418678	1.813673	19.800000	0.418678	1.813674	19.800000
19.840000	0.451681	1.836269	19.840000	0.451681	1.836270	19.840000
19.880000	0.485562	1.857527	19.880000	0.485562	1.857528	19.880000
19.920000	0.520265	1.877413	19.920000	0.520265	1.877414	19.920000
19.960000	0.555736	1.895896	19.960000	0.555736	1.895896	19.960000
