0.000000	0.000000	-1.000000	1.000000	0.000000	-1.000000	1.000000
0.040000	-0.039989	-0.999200	1.000000	-0.039989	-0.999200	1.000000
0.080000	-0.079915	-0.996802	1.000000	-0.079915	-0.996802	1.000000
0.120000	-0.119712	-0.992809	1.000000	-0.119712	-0.992809	1.000000
0.160000	-0.159318	-0.987227	1.000000	-0.159318	-0.987227	1.000000
0.200000	-0.198669	-0.980067	1.000000	-0.198669	-0.980067	1.000000
0.240000	-0.237703	-0.971338	1.000000	-0.237703	-0.971338	1.000000
0.280000	-0.276356	-0.961055	1.000000	-0.276356	-0.961055	1.000000
0.320000	-0.314567	-0.949235	1.000000	-0.314567	-0.949235	1.000000
0.360000	-0.352274	-0.935897	1.000000	-0.352274	-0.935897	1.000000
0.400000	-0.389418	-0.921061	1.000000	-0.389418	-0.921061	1.000000
0.440000	-0.425939	-0.904752	1.000000	-0.425939	-0.904752	1.000000
0.480000	-0.461779	-0.886995	1.000000	-0.461779	-0.886995	1.000000
0.520000	-0.496880	-0.867819	1.000000	-0.496880	-0.867819	1.000000
0.560000	-0.531186	-0.847255	1.000000	-0.531186	-0.847255	1.000000
0.600000	-0.564642	-0.825336	1.000000	-0.564642	-0.825336	1.000000
0.640000	-0.597195	-0.802096	1.000000	-0.597195	-0.802096	1.000000
0.680000	-0.628793	-0.777573	1.000000	-0.628793	-0.777573	1.000000
0.720000	-0.659385	-0.751806	1.000000	-0.659385	-0.751806	1.000000
0.760000	-0.688921	-0.724836	1.000000	-0.688921	-0.724836	1.000000
0.800000	-0.717356	-0.696707	1.000000	-0.717356	-0.696707	1.000000
0.840000	-0.744643	-0.667463	1.000000	-0.744643	-0.667463	1.000000
0.880000	-0.770739	-0.637151	1.000000	-0.770739	-0.637151	1.000000
0.920000	-0.795602	-0.605820	1.000000	-0.795602	-0.605820	1.000000
0.960000	-0.819192	-0.573520	1.000000	-0.819192	-0.573520	1.000000
1.000000	-0.841471	-0.540302	1.000000	-0.841471	-0.540302	1.000000
1.040000	-0.862404	-0.506220	1.000000	-0.862404	-0.506220	1.000000
1.080000	-0.881958	-0.471328	1.000000	-0.881958	-0.471328	1.000000
1.120000	-0.900100	-0.435682	1.000000	-0.900100	-0.435682	1.000000
1.160000	-0.916803	-0.399340	1.000000	-0.916803	-0.399340	1.000000
1.200000	-0.932039	-0.362358	1.000000	-0.932039	-0.362358	1.000000
1.240000	-0.945784	-0.324796	1.000000	-0.945784	-0.324796	1.000000
1.280000	-0.958016	-0.286715	1.000000	-0.958016	-0.286715	1.000000
1.320000	-0.968715	-0.248175	1.000000	-0.968715	-0.248175	1.000000
1.360000	-0.977865	-0.209239	1.000000	-0.977865	-0.209239	1.000000
1.400000	-0.985450	-0.169967	1.000000	-0.985450	-0.169967	1.000000
1.440000	-0.991458	-0.130424	1.000000	-0.991458	-0.130424	1.000000
1.480000	-0.995881	-0.090672	1.000000	-0.995881	-0.090672	1.000000
1.520000	-0.998710	-0.050775	1.000000	-0.998710	-0.050774	1.000000
1.560000	-0.999942	-0.010796	1.000000	-0.999942	-0.010796	1.000000
1.600000	-0.999574	0.029199	1.000000	-0.999574	0.029200	1.000000
1.640000	-0.997606	0.069148	1.000000	-0.997606	0.069148	1.000000
1.680000	-0.994043	0.108987	1.000000	-0.994043	0.108987	1.000000
1.720000	-0.988890	0.148651	1.000000	-0.988890	0.148651	1.000000
1.760000	-0.982154	0.188077	1.000000	-0.982154	0.188077	1.000000
1.800000	-0.973848	0.227202	1.000000	-0.973848	0.227202	1.000000
1.840000	-0.963983	0.265964	1.000000	-0.963983	0.265964	1.000000
1.880000	-0.952576	0.304300	1.000000	-0.952576	0.304300	1.000000
1.920000	-0.939645	0.342150	1.000000	-0.939645	0.342150	1.000000
1.960000	-0.925212	0.379452	1.000000	-0.925212	0.379452	1.000000
2.000000	-0.909297	0.416147	1.000000	-0.909297	0.416147	1.000000
2.040000	-0.891929	0.452176	1.000000	-0.891929	0.452176	1.000000
2.080000	-0.873133	0.487482	1.000000	-0.873133	0.487482	1.000000
2.120000	-0.852941	0.522008	1.000000	-0.852940	0.522008	1.000000
2.160000	-0.831383	0.555699	1.000000	-0.831383	0.555699	1.000000
2.200000	-0.808496	0.588501	1.000000	-0.808496	0.588501	1.000000
2.240000	-0.784316	0.620362	1.000000	-0.784316	0.620362	1.000000
2.280000	-0.758881	0.651230	1.000000	-0.758881	0.651230	1.000000
2.320000	-0.732231	0.681056	1.000000	-0.732231	0.681056	1.000000
2.360000	-0.704411	0.709793	1.000000	-0.704411	0.709793	1.000000
2.400000	-0.675463	0.737394	1.000000	-0.675463	0.737394	1.000000
2.440000	-0.645435	0.763815	1.000000	-0.645435	0.763815	1.000000
2.480000	-0.614374	0.789015	1.000000	-0.614374	0.789015	1.000000
2.520000	-0.582331	0.812952	1.000000	-0.582331	0.812952	1.000000
2.560000	-0.549355	0.835589	1.000000	-0.549355	0.835589	1.000000
2.600000	-0.515501	0.856889	1.000000	-0.515501	0.856889	1.000000
2.640000	-0.480823	0.876818	1.000000	-0.480823	0.876818	1.000000
2.680000	-0.445375	0.895344	1.000000	-0.445375	0.895344	1.000000
2.720000	-0.409214	0.912438	1.000000	-0.409214	0.912438	1.000000
2.760000	-0.372399	0.928073	1.000000	-0.372399	0.928073	1.000000
2.800000	-0.334988	0.942222	1.000000	-0.334988	0.942222	1.000000
2.840000	-0.297041	0.954865	1.000000	-0.297041	0.954865	1.000000
2.880000	-0.258619	0.965979	1.000000	-0.258619	0.965979	1.000000
2.920000	-0.219784	0.975549	1.000000	-0.219784	0.975549	1.000000
2.960000	-0.180596	0.983557	1.000000	-0.180596	0.983557	1.000000
3.000000	-0.141120	0.989992	1.000000	-0.141120	0.989992	1.000000
3.040000	-0.101418	0.994844	1.000000	-0.101418	0.994844	1.000000
3.080000	-0.061554	0.998104	1.000000	-0.061554	0.998104	1.000000
3.120000	-0.021591	0.999767	1.000000	-0.021591	0.999767	1.000000
3.160000	0.018406	0.999831	1.000000	0.018406	0.999831	1.000000
3.200000	0.058374	0.998295	1.000000	0.058374	0.998295	1.000000
3.240000	0.098249	0.995162	1.000000	0.098249	0.995162	1.000000
3.280000	0.137966	0.990437	1.000000	0.137966	0.990437	1.000000
3.320000	0.177462	0.984128	1.000000	0.177462	0.984128	1.000000
3.360000	0.216675	0.976244	1.000000	0.216675	0.976244	1.000000
3.400000	0.255541	0.966798	1.000000	0.255541	0.966798	1.000000
3.440000	0.293998	0.955806	1.000000	0.293998	0.955806	1.000000
3.480000	0.331985	0.943285	1.000000	0.331985	0.943285	1.000000
3.520000	0.369441	0.929254	1.000000	0.369441	0.929254	1.000000
3.560000	0.406306	0.913737	1.000000	0.406306	0.913737	1.000000
3.600000	0.442520	0.896758	1.000000	0.442520	0.896758	1.000000
3.640000	0.478027	0.878345	1.000000	0.478027	0.878345	1.000000
3.680000	0.512769	0.858526	1.000000	0.512769	0.858526	1.000000
3.720000	0.546691	0.837334	1.000000	0.546691	0.837334	1.000000
3.760000	0.579738	0.814803	1.000000	0.579738	0.814803	1.000000
3.800000	0.611858	0.790968	1.000000	0.611858	0.790968	1.000000
3.840000	0.642999	0.765867	1.000000	0.642999	0.765867	1.000000
3.880000	0.673111	0.739542	1.000000	0.673111	0.739542	1.000000
3.920000	0.702146	0.712033	1.000000	0.702146	0.712033	1.000000
3.960000	0.730058	0.683385	1.000000	0.730058	0.683385	1.000000
4.000000	0.756802	0.653644	1.000000	0.756802	0.653644	1.000000
4.040000	0.782336	0.622857	1.000000	0.782336	0.622857	1.000000
4.080000	0.806618	0.591074	1.000000	0.806618	0.591073	1.000000
4.120000	0.829609	0.558345	1.000000	0.829609	0.558345	1.000000
4.160000	0.851273	0.524722	1.000000	0.851273	0.524722	1.000000
4.200000	0.871576	0.490261	1.000000	0.871576	0.490261	1.000000
4.240000	0.890484	0.455015	1.000000	0.890484	0.455015	1.000000
4.280000	0.907967	0.419041	1.000000	0.907967	0.419041	1.000000
4.320000	0.923998	0.382397	1.000000	0.923998	0.382397	1.000000
4.360000	0.938551	0.345141	1.000000	0.938551	0.345141	1.000000
4.400000	0.951602	0.307333	1.000000	0.951602	0.307333	1.000000
4.440000	0.963131	0.269033	1.000000	0.963131	0.269033	1.000000
4.480000	0.973119	0.230303	1.000000	0.973119	0.230303	1.000000
4.520000	0.981550	0.191204	1.000000	0.981550	0.191204	1.000000
4.560000	0.988411	0.151800	1.000000	0.988411	0.151800	1.000000
4.600000	0.993691	0.112153	1.000000	0.993691	0.112153	1.000000
4.640000	0.997381	0.072326	1.000000	0.997381	0.072326	1.000000
4.680000	0.999476	0.032383	1.000000	0.999476	0.032383	1.000000
4.720000	0.999971	-0.007611	1.000000	0.999971	-0.007611	1.000000
4.760000	0.998867	-0.047593	1.000000	0.998867	-0.047593	1.000000
4.800000	0.996165	-0.087499	1.000000	0.996165	-0.087499	1.000000
4.840000	0.991869	-0.127265	1.000000	0.991869	-0.127265	1.000000
4.880000	0.985986	-0.166827	1.000000	0.985986	-0.166827	1.000000
4.920000	0.978526	-0.206123	1.000000	0.978526	-0.206123	1.000000
4.960000	0.969501	-0.245088	1.000000	0.969501	-0.245089	1.000000
5.000000	0.958924	-0.283662	1.000000	0.958924	-0.283662	1.000000
5.040000	0.946814	-0.321782	1.000000	0.946814	-0.321782	1.000000
5.080000	0.933189	-0.359387	1.000000	0.933189	-0.359387	1.000000
5.120000	0.918071	-0.396417	1.000000	0.918070	-0.396417	1.000000
5.160000	0.901484	-0.432813	1.000000	0.901484	-0.432813	1.000000
5.200000	0.883455	-0.468517	1.000000	0.883455	-0.468517	1.000000
5.240000	0.864012	-0.503471	1.000000	0.864012	-0.503471	1.000000
5.280000	0.843188	-0.537619	1.000000	0.843188	-0.537619	1.000000
5.320000	0.821014	-0.570908	1.000000	0.821014	-0.570908	1.000000
5.360000	0.797527	-0.603283	1.000000	0.797527	-0.603283	1.000000
5.400000	0.772765	-0.634693	1.000000	0.772764	-0.634693	1.000000
5.440000	0.746765	-0.665087	1.000000	0.746765	-0.665088	1.000000
5.480000	0.719572	-0.694418	1.000000	0.719572	-0.694418	1.000000
5.520000	0.691227	-0.722638	1.000000	0.691227	-0.722638	1.000000
5.560000	0.661776	-0.749701	1.000000	0.661776	-0.749702	1.000000
5.600000	0.631267	-0.775566	1.000000	0.631267	-0.775566	1.000000
5.640000	0.599747	-0.800189	1.000000	0.599747	-0.800189	1.000000
5.680000	0.567269	-0.823533	1.000000	0.567269	-0.823533	1.000000
5.720000	0.533882	-0.845559	1.000000	0.533882	-0.845559	1.000000
5.760000	0.499642	-0.866232	1.000000	0.499642	-0.866232	1.000000
5.800000	0.464602	-0.885519	1.000000	0.464602	-0.885520	1.000000
5.840000	0.428819	-0.903390	1.000000	0.428819	-0.903390	1.000000
5.880000	0.392350	-0.919816	1.000000	0.392350	-0.919816	1.000000
5.920000	0.355254	-0.934770	1.000000	0.355254	-0.934770	1.000000
5.960000	0.317589	-0.948229	1.000000	0.317589	-0.948229	1.000000
6.000000	0.279416	-0.960170	1.000000	0.279415	-0.960170	1.000000
6.040000	0.240796	-0.970576	1.000000	0.240795	-0.970576	1.000000
6.080000	0.201790	-0.979429	1.000000	0.201790	-0.979429	1.000000
6.120000	0.162462	-0.986715	1.000000	0.162462	-0.986715	1.000000
6.160000	0.122874	-0.992422	1.000000	0.122874	-0.992422	1.000000
6.200000	0.083090	-0.996542	1.000000	0.083089	-0.996542	1.000000
6.240000	0.043172	-0.999068	1.000000	0.043172	-0.999068	1.000000
6.280000	0.003185	-0.999995	1.000000	0.003185	-0.999995	1.000000
6.320000	-0.036806	-0.999322	1.000000	-0.036806	-0.999322	1.000000
6.360000	-0.076739	-0.997051	1.000000	-0.076739	-0.997051	1.000000
6.400000	-0.116549	-0.993185	1.000000	-0.116549	-0.993185	1.000000
6.440000	-0.156173	-0.987730	1.000000	-0.156173	-0.987730	1.000000
6.480000	-0.195546	-0.980694	1.000000	-0.195547	-0.980694	1.000000
6.520000	-0.234607	-0.972090	1.000000	-0.234607	-0.972090	1.000000
6.560000	-0.273293	-0.961931	1.000000	-0.273293	-0.961931	1.000000
6.600000	-0.311541	-0.950233	1.000000	-0.311541	-0.950233	1.000000
6.640000	-0.349291	-0.937014	1.000000	-0.349291	-0.937014	1.000000
6.680000	-0.386482	-0.922297	1.000000	-0.386483	-0.922297	1.000000
6.720000	-0.423055	-0.906104	1.000000	-0.423055	-0.906104	1.000000
6.760000	-0.458951	-0.888461	1.000000	-0.458951	-0.888461	1.000000
6.800000	-0.494113	-0.869398	1.000000	-0.494113	-0.869397	1.000000
6.840000	-0.528485	-0.848943	1.000000	-0.528485	-0.848943	1.000000
6.880000	-0.562011	-0.827130	1.000000	-0.562011	-0.827130	1.000000
6.920000	-0.594637	-0.803994	1.000000	-0.594637	-0.803994	1.000000
6.960000	-0.626313	-0.779572	1.000000	-0.626313	-0.779572	1.000000
7.000000	-0.656986	-0.753902	1.000000	-0.656987	-0.753902	1.000000
7.040000	-0.686609	-0.727027	1.000000	-0.686609	-0.727027	1.000000
7.080000	-0.715133	-0.698988	1.000000	-0.715133	-0.698988	1.000000
7.120000	-0.742513	-0.669831	1.000000	-0.742513	-0.669831	1.000000
7.160000	-0.768705	-0.639603	1.000000	-0.768705	-0.639603	1.000000
7.200000	-0.793668	-0.608351	1.000000	-0.793668	-0.608351	1.000000
7.240000	-0.817360	-0.576127	1.000000	-0.817361	-0.576126	1.000000
7.280000	-0.839746	-0.542980	1.000000	-0.839746	-0.542980	1.000000
7.320000	-0.860787	-0.508965	1.000000	-0.860787	-0.508965	1.000000
7.360000	-0.880452	-0.474135	1.000000	-0.880452	-0.474135	1.000000
7.400000	-0.898708	-0.438547	1.000000	-0.898708	-0.438547	1.000000
7.440000	-0.915526	-0.402258	1.000000	-0.915526	-0.402258	1.000000
7.480000	-0.930880	-0.365325	1.000000	-0.930880	-0.365325	1.000000
7.520000	-0.944745	-0.327807	1.000000	-0.944745	-0.327807	1.000000
7.560000	-0.957098	-0.289765	1.000000	-0.957098	-0.289765	1.000000
7.600000	-0.967920	-0.251260	1.000000	-0.967920	-0.251260	1.000000
7.640000	-0.977193	-0.212353	1.000000	-0.977193	-0.212352	1.000000
7.680000	-0.984903	-0.173105	1.000000	-0.984903	-0.173105	1.000000
7.720000	-0.991038	-0.133581	1.000000	-0.991038	-0.133581	1.000000
7.760000	-0.995587	-0.093844	1.000000	-0.995587	-0.093843	1.000000
7.800000	-0.998543	-0.053956	1.000000	-0.998543	-0.053955	1.000000
7.840000	-0.999902	-0.013981	1.000000	-0.999902	-0.013981	1.000000
7.880000	-0.999662	0.026015	1.000000	-0.999662	0.026015	1.000000
7.920000	-0.997822	0.065970	1.000000	-0.997822	0.065970	1.000000
7.960000	-0.994385	0.105820	1.000000	-0.994385	0.105820	1.000000
8.000000	-0.989358	0.145500	1.000000	-0.989358	0.145500	1.000000
8.040000	-0.982748	0.184947	1.000000	-0.982748	0.184947	1.000000
8.080000	-0.974566	0.224099	1.000000	-0.974566	0.224099	1.000000
8.120000	-0.964825	0.262892	1.000000	-0.964825	0.262892	1.000000
8.160000	-0.953541	0.301264	1.000000	-0.953541	0.301264	1.000000
8.200000	-0.940731	0.339155	1.000000	-0.940731	0.339155	1.000000
8.240000	-0.926416	0.376503	1.000000	-0.926415	0.376503	1.000000
8.280000	-0.910618	0.413248	1.000000	-0.910618	0.413248	1.000000
8.320000	-0.893365	0.449333	1.000000	-0.893364	0.449333	1.000000
8.360000	-0.874681	0.484698	1.000000	-0.874681	0.484698	1.000000
8.400000	-0.854599	0.519288	1.000000	-0.854599	0.519289	1.000000
8.440000	-0.833149	0.553048	1.000000	-0.833149	0.553048	1.000000
8.480000	-0.810367	0.585923	1.000000	-0.810367	0.585923	1.000000
8.520000	-0.786288	0.617860	1.000000	-0.786288	0.617860	1.000000
8.560000	-0.760951	0.648809	1.000000	-0.760951	0.648809	1.000000
8.600000	-0.734397	0.678720	1.000000	-0.734397	0.678720	1.000000
8.640000	-0.706668	0.707545	1.000000	-0.706668	0.707545	1.000000
8.680000	-0.677809	0.735238	1.000000	-0.677809	0.735238	1.000000
8.720000	-0.647865	0.761755	1.000000	-0.647865	0.761755	1.000000
8.760000	-0.616885	0.787054	1.000000	-0.616884	0.787054	1.000000
8.800000	-0.584917	0.811093	1.000000	-0.584917	0.811093	1.000000
8.840000	-0.552014	0.833835	1.000000	-0.552014	0.833835	1.000000
8.880000	-0.518228	0.855242	1.000000	-0.518228	0.855242	1.000000
8.920000	-0.483613	0.875282	1.000000	-0.483613	0.875282	1.000000
8.960000	-0.448224	0.893921	1.000000	-0.448224	0.893921	1.000000
9.000000	-0.412119	0.911130	1.000000	-0.412118	0.911130	1.000000
9.040000	-0.375354	0.926882	1.000000	-0.375353	0.926882	1.000000
9.080000	-0.337988	0.941150	1.000000	-0.337988	0.941151	1.000000
9.120000	-0.300082	0.953914	1.000000	-0.300081	0.953914	1.000000
9.160000	-0.261695	0.965151	1.000000	-0.261695	0.965151	1.000000
9.200000	-0.222890	0.974844	1.000000	-0.222890	0.974844	1.000000
9.240000	-0.183728	0.982977	1.000000	-0.183728	0.982977	1.000000
9.280000	-0.144273	0.989538	1.000000	-0.144273	0.989538	1.000000
9.320000	-0.104587	0.994516	1.000000	-0.104586	0.994516	1.000000
9.360000	-0.064733	0.997903	1.000000	-0.064733	0.997903	1.000000
9.400000	-0.024776	0.999693	1.000000	-0.024775	0.999693	1.000000
9.440000	0.015221	0.999884	1.000000	0.015221	0.999884	1.000000
9.480000	0.055194	0.998476	1.000000	0.055194	0.998476	1.000000
9.520000	0.095078	0.995470	1.000000	0.095078	0.995470	1.000000
9.560000	0.134810	0.990871	1.000000	0.134810	0.990871	1.000000
9.600000	0.174327	0.984688	1.000000	0.174327	0.984688	1.000000
9.640000	0.213564	0.976929	1.000000	0.213564	0.976929	1.000000
9.680000	0.252460	0.967607	1.000000	0.252460	0.967607	1.000000
9.720000	0.290952	0.956738	1.000000	0.290952	0.956738	1.000000
9.760000	0.328979	0.944337	1.000000	0.328979	0.944337	1.000000
9.800000	0.366479	0.930426	1.000000	0.366479	0.930426	1.000000
9.840000	0.403393	0.915027	1.000000	0.403393	0.915027	1.000000
9.880000	0.439662	0.898164	1.000000	0.439662	0.898163	1.000000
9.920000	0.475227	0.879863	1.000000	0.475227	0.879863	1.000000
9.960000	0.510032	0.860156	1.000000	0.510032	0.860155	1.000000
10.000000	0.544021	0.839072	1.000000	0.544021	0.839072	1.000000
10.040000	0.577140	0.816645	1.000000	0.577140	0.816645	1.000000
10.080000	0.609335	0.792913	1.000000	0.609335	0.792913	1.000000
10.120000	0.640556	0.767912	1.000000	0.640556	0.767911	1.000000
10.160000	0.670752	0.741682	1.000000	0.670752	0.741682	1.000000
10.200000	0.699875	0.714266	1.000000	0.699875	0.714266	1.000000
10.240000	0.727878	0.685707	1.000000	0.727878	0.685707	1.000000
10.280000	0.754716	0.656051	1.000000	0.754717	0.656051	1.000000
10.320000	0.780348	0.625346	1.000000	0.780348	0.625346	1.000000
10.360000	0.804731	0.593640	1.000000	0.804731	0.593640	1.000000
10.400000	0.827826	0.560984	1.000000	0.827826	0.560984	1.000000
10.440000	0.849598	0.527431	1.000000	0.849598	0.527431	1.000000
10.480000	0.870010	0.493035	1.000000	0.870010	0.493035	1.000000
10.520000	0.889030	0.457849	1.000000	0.889030	0.457849	1.000000
10.560000	0.906628	0.421931	1.000000	0.906628	0.421931	1.000000
10.600000	0.922775	0.385338	1.000000	0.922775	0.385338	1.000000
10.640000	0.937447	0.348129	1.000000	0.937447	0.348129	1.000000
10.680000	0.950618	0.310363	1.000000	0.950618	0.310362	1.000000
10.720000	0.962269	0.272100	1.000000	0.962269	0.272100	1.000000
10.760000	0.972380	0.233402	1.000000	0.972380	0.233401	1.000000
10.800000	0.980936	0.194330	1.000000	0.980936	0.194330	1.000000
10.840000	0.987923	0.154948	1.000000	0.987923	0.154947	1.000000
10.880000	0.993329	0.115317	1.000000	0.993329	0.115317	1.000000
10.920000	0.997146	0.075503	1.000000	0.997146	0.075502	1.000000
10.960000	0.999367	0.035567	1.000000	0.999367	0.035567	1.000000
11.000000	0.999990	-0.004425	1.000000	0.999990	-0.004426	1.000000
11.040000	0.999013	-0.044411	1.000000	0.999013	-0.044411	1.000000
11.080000	0.996438	-0.084325	1.000000	0.996438	-0.084325	1.000000
11.120000	0.992269	-0.124105	1.000000	0.992269	-0.124105	1.000000
11.160000	0.986513	-0.163686	1.000000	0.986513	-0.163686	1.000000
11.200000	0.979178	-0.203005	1.000000	0.979178	-0.203005	1.000000
11.240000	0.970277	-0.241999	1.000000	0.970276	-0.241999	1.000000
11.280000	0.959823	-0.280606	1.000000	0.959823	-0.280606	1.000000
11.320000	0.947834	-0.318764	1.000000	0.947834	-0.318765	1.000000
11.360000	0.934329	-0.356413	1.000000	0.934329	-0.356413	1.000000
11.400000	0.919329	-0.393491	1.000000	0.919329	-0.393491	1.000000
11.440000	0.902858	-0.429939	1.000000	0.902858	-0.429939	1.000000
11.480000	0.884943	-0.465700	1.000000	0.884943	-0.465700	1.000000
11.520000	0.865612	-0.500716	1.000000	0.865612	-0.500716	1.000000
11.560000	0.844896	-0.534930	1.000000	0.844896	-0.534931	1.000000
11.600000	0.822829	-0.568289	1.000000	0.822829	-0.568290	1.000000
11.640000	0.799445	-0.600739	1.000000	0.799445	-0.600739	1.000000
11.680000	0.774782	-0.632228	1.000000	0.774782	-0.632228	1.000000
11.720000	0.748880	-0.662705	1.000000	0.748880	-0.662705	1.000000
11.760000	0.721780	-0.692122	1.000000	0.721780	-0.692123	1.000000
11.800000	0.693525	-0.720432	1.000000	0.693525	-0.720432	1.000000
11.840000	0.664161	-0.747590	1.000000	0.664161	-0.747590	1.000000
11.880000	0.633734	-0.773551	1.000000	0.633734	-0.773551	1.000000
11.920000	0.602293	-0.798275	1.000000	0.602293	-0.798275	1.000000
11.960000	0.569889	-0.821722	1.000000	0.569889	-0.821722	1.000000
12.000000	0.536573	-0.843854	1.000000	0.536573	-0.843854	1.000000
12.040000	0.502399	-0.864636	1.000000	0.502399	-0.864636	1.000000
12.080000	0.467421	-0.884035	1.000000	0.467420	-0.884035	1.000000
12.120000	0.431695	-0.902020	1.000000	0.431695	-0.902020	1.000000
12.160000	0.395278	-0.918561	1.000000	0.395278	-0.918561	1.000000
12.200000	0.358230	-0.933634	1.000000	0.358229	-0.933634	1.000000
12.240000	0.320608	-0.947212	1.000000	0.320607	-0.947212	1.000000
12.280000	0.282473	-0.959275	1.000000	0.282473	-0.959275	1.000000
12.320000	0.243886	-0.969804	1.000000	0.243886	-0.969804	1.000000
12.360000	0.204909	-0.978781	1.000000	0.204909	-0.978781	1.000000
12.400000	0.165604	-0.986192	1.000000	0.165604	-0.986192	1.000000
12.440000	0.126035	-0.992026	1.000000	0.126035	-0.992026	1.000000
12.480000	0.086264	-0.996272	1.000000	0.086263	-0.996272	1.000000
12.520000	0.046354	-0.998925	1.000000	0.046354	-0.998925	1.000000
12.560000	0.006371	-0.999980	1.000000	0.006371	-0.999980	1.000000
12.600000	-0.033623	-0.999435	1.000000	-0.033623	-0.999435	1.000000
12.640000	-0.073563	-0.997291	1.000000	-0.073563	-0.997291	1.000000
12.680000	-0.113385	-0.993551	1.000000	-0.113385	-0.993551	1.000000
12.720000	-0.153026	-0.988222	1.000000	-0.153026	-0.988222	1.000000
12.760000	-0.192421	-0.981312	1.000000	-0.192422	-0.981312	1.000000
12.800000	-0.231510	-0.972833	1.000000	-0.231510	-0.972833	1.000000
12.840000	-0.270227	-0.962797	1.000000	-0.270228	-0.962796	1.000000
12.880000	-0.308513	-0.951220	1.000000	-0.308513	-0.951220	1.000000
12.920000	-0.346305	-0.938122	1.000000	-0.346305	-0.938122	1.000000
12.960000	-0.383542	-0.923523	1.000000	-0.383543	-0.923523	1.000000
13.000000	-0.420167	-0.907447	1.000000	-0.420167	-0.907447	1.000000
13.040000	-0.456119	-0.889919	1.000000	-0.456119	-0.889919	1.000000
13.080000	-0.491341	-0.870967	1.000000	-0.491342	-0.870967	1.000000
13.120000	-0.525778	-0.850622	1.000000	-0.525778	-0.850622	1.000000
13.160000	-0.559373	-0.828916	1.000000	-0.559373	-0.828916	1.000000
13.200000	-0.592073	-0.805884	1.000000	-0.592074	-0.805884	1.000000
13.240000	-0.623826	-0.781563	1.000000	-0.623827	-0.781563	1.000000
13.280000	-0.654582	-0.755991	1.000000	-0.654582	-0.755991	1.000000
13.320000	-0.684290	-0.729210	1.000000	-0.684290	-0.729210	1.000000
13.360000	-0.712903	-0.701263	1.000000	-0.712903	-0.701263	1.000000
13.400000	-0.740376	-0.672193	1.000000	-0.740376	-0.672193	1.000000
13.440000	-0.766664	-0.642048	1.000000	-0.766664	-0.642048	1.000000
13.480000	-0.791726	-0.610877	1.000000	-0.791726	-0.610876	1.000000
13.520000	-0.815521	-0.578727	1.000000	-0.815521	-0.578727	1.000000
13.560000	-0.838012	-0.545652	1.000000	-0.838012	-0.545652	1.000000
13.600000	-0.859162	-0.511704	1.000000	-0.859162	-0.511704	1.000000
13.640000	-0.878937	-0.476938	1.000000	-0.878937	-0.476937	1.000000
13.680000	-0.897306	-0.441408	1.000000	-0.897307	-0.441408	1.000000
13.720000	-0.914240	-0.405172	1.000000	-0.914240	-0.405172	1.000000
13.760000	-0.929712	-0.368288	1.000000	-0.929712	-0.368288	1.000000
13.800000	-0.943696	-0.330815	1.000000	-0.943696	-0.330815	1.000000
13.840000	-0.956170	-0.292813	1.000000	-0.956170	-0.292812	1.000000
13.880000	-0.967114	-0.254342	1.000000	-0.967114	-0.254342	1.000000
13.920000	-0.976512	-0.215464	1.000000	-0.976512	-0.215464	1.000000
13.960000	-0.984347	-0.176242	1.000000	-0.984347	-0.176242	1.000000
14.000000	-0.990607	-0.136738	1.000000	-0.990607	-0.136737	1.000000
14.040000	-0.995283	-0.097014	1.000000	-0.995283	-0.097014	1.000000
14.080000	-0.998366	-0.057136	1.000000	-0.998366	-0.057136	1.000000
14.120000	-0.999853	-0.017166	1.000000	-0.999853	-0.017166	1.000000
14.160000	-0.999739	0.022831	1.000000	-0.999739	0.022831	1.000000
14.200000	-0.998027	0.062791	1.000000	-0.998027	0.062792	1.000000
14.240000	-0.994717	0.102652	1.000000	-0.994717	0.102652	1.000000
14.280000	-0.989817	0.142348	1.000000	-0.989817	0.142348	1.000000
14.320000	-0.983333	0.181816	1.000000	-0.983333	0.181816	1.000000
14.360000	-0.975275	0.220993	1.000000	-0.975275	0.220994	1.000000
14.400000	-0.965658	0.259817	1.000000	-0.965658	0.259817	1.000000
14.440000	-0.954496	0.298225	1.000000	-0.954495	0.298226	1.000000
14.480000	-0.941806	0.336156	1.000000	-0.941806	0.336157	1.000000
14.520000	-0.927610	0.373550	1.000000	-0.927610	0.373550	1.000000
14.560000	-0.911930	0.410345	1.000000	-0.911930	0.410346	1.000000
14.600000	-0.894791	0.446485	1.000000	-0.894791	0.446485	1.000000
14.640000	-0.876221	0.481910	1.000000	-0.876221	0.481910	1.000000
14.680000	-0.856249	0.516564	1.000000	-0.856249	0.516564	1.000000
14.720000	-0.834907	0.550391	1.000000	-0.834907	0.550391	1.000000
14.760000	-0.812229	0.583338	1.000000	-0.812229	0.583339	1.000000
14.800000	-0.788252	0.615352	1.000000	-0.788252	0.615352	1.000000
14.840000	-0.763014	0.646382	1.000000	-0.763014	0.646382	1.000000
14.880000	-0.736556	0.676377	1.000000	-0.736555	0.676377	1.000000
14.920000	-0.708918	0.705290	1.000000	-0.708918	0.705291	1.000000
14.960000	-0.680147	0.733075	1.000000	-0.680147	0.733076	1.000000
15.000000	-0.650288	0.759688	1.000000	-0.650288	0.759688	1.000000
15.040000	-0.619389	0.785085	1.000000	-0.619388	0.785085	1.000000
15.080000	-0.587498	0.809226	1.000000	-0.587498	0.809226	1.000000
15.120000	-0.554668	0.832072	1.000000	-0.554667	0.832072	1.000000
15.160000	-0.520950	0.853587	1.000000	-0.520950	0.853587	1.000000
15.200000	-0.486399	0.873737	1.000000	-0.486399	0.873737	1.000000
15.240000	-0.451070	0.892489	1.000000	-0.451069	0.892489	1.000000
15.280000	-0.415019	0.909813	1.000000	-0.415019	0.909813	1.000000
15.320000	-0.378304	0.925681	1.000000	-0.378304	0.925681	1.000000
15.360000	-0.340984	0.940069	1.000000	-0.340984	0.940069	1.000000
15.400000	-0.303119	0.952953	1.000000	-0.303118	0.952953	1.000000
15.440000	-0.264768	0.964312	1.000000	-0.264768	0.964312	1.000000
15.480000	-0.225994	0.974129	1.000000	-0.225994	0.974129	1.000000
15.520000	-0.186859	0.982387	1.000000	-0.186858	0.982387	1.000000
15.560000	-0.147424	0.989073	1.000000	-0.147424	0.989073	1.000000
15.600000	-0.107754	0.994178	1.000000	-0.107754	0.994178	1.000000
15.640000	-0.067911	0.997691	1.000000	-0.067911	0.997691	1.000000
15.680000	-0.027960	0.999609	1.000000	-0.027960	0.999609	1.000000
15.720000	0.012036	0.999928	1.000000	0.012036	0.999928	1.000000
15.760000	0.052013	0.998646	1.000000	0.052013	0.998646	1.000000
15.800000	0.091907	0.995768	1.000000	0.091907	0.995768	1.000000
15.840000	0.131653	0.991296	1.000000	0.131653	0.991296	1.000000
15.880000	0.171189	0.985238	1.000000	0.171189	0.985238	1.000000
15.920000	0.210451	0.977604	1.000000	0.210451	0.977604	1.000000
15.960000	0.249377	0.968407	1.000000	0.249377	0.968407	1.000000
16.000000	0.287903	0.957660	1.000000	0.287903	0.957659	1.000000
16.040000	0.325969	0.945380	1.000000	0.325969	0.945380	1.000000
16.080000	0.363513	0.931589	1.000000	0.363514	0.931589	1.000000
16.120000	0.400476	0.916307	1.000000	0.400476	0.916307	1.000000
16.160000	0.436798	0.899559	1.000000	0.436799	0.899559	1.000000
16.200000	0.472422	0.881373	1.000000	0.472422	0.881372	1.000000
16.240000	0.507289	0.861776	1.000000	0.507290	0.861776	1.000000
16.280000	0.541345	0.840800	1.000000	0.541346	0.840800	1.000000
16.320000	0.574535	0.818480	1.000000	0.574536	0.818480	1.000000
16.360000	0.606806	0.794850	1.000000	0.606807	0.794850	1.000000
16.400000	0.638106	0.769948	1.000000	0.638107	0.769948	1.000000
16.440000	0.668386	0.743815	1.000000	0.668386	0.743815	1.000000
16.480000	0.697596	0.716492	1.000000	0.697596	0.716491	1.000000
16.520000	0.725690	0.688022	1.000000	0.725690	0.688022	1.000000
16.560000	0.752623	0.658452	1.000000	0.752623	0.658452	1.000000
16.600000	0.778352	0.627828	1.000000	0.778352	0.627828	1.000000
16.640000	0.802836	0.596200	1.000000	0.802836	0.596200	1.000000
16.680000	0.826035	0.563619	1.000000	0.826035	0.563618	1.000000
16.720000	0.847913	0.530135	1.000000	0.847913	0.530135	1.000000
16.760000	0.868435	0.495804	1.000000	0.868435	0.495803	1.000000
16.800000	0.887567	0.460679	1.000000	0.887567	0.460679	1.000000
16.840000	0.905279	0.424817	1.000000	0.905279	0.424817	1.000000
16.880000	0.921543	0.388276	1.000000	0.921543	0.388276	1.000000
16.920000	0.936333	0.351113	1.000000	0.936333	0.351113	1.000000
16.960000	0.949625	0.313389	1.000000	0.949625	0.313389	1.000000
17.000000	0.961397	0.275164	1.000000	0.961397	0.275163	1.000000
17.040000	0.971632	0.236498	1.000000	0.971632	0.236498	1.000000
17.080000	0.980312	0.197454	1.000000	0.980312	0.197453	1.000000
17.120000	0.987424	0.158094	1.000000	0.987424	0.158094	1.000000
17.160000	0.992956	0.118481	1.000000	0.992956	0.118481	1.000000
17.200000	0.996900	0.078679	1.000000	0.996900	0.078678	1.000000
17.240000	0.999249	0.038750	1.000000	0.999249	0.038750	1.000000
17.280000	0.999999	-0.001240	1.000000	0.999999	-0.001240	1.000000
17.320000	0.999150	-0.041228	1.000000	0.999150	-0.041229	1.000000
17.360000	0.996702	-0.081151	1.000000	0.996702	-0.081151	1.000000
17.400000	0.992659	-0.120943	1.000000	0.992659	-0.120944	1.000000
17.440000	0.987029	-0.160542	1.000000	0.987029	-0.160543	1.000000
17.480000	0.979819	-0.199884	1.000000	0.979819	-0.199885	1.000000
17.520000	0.971042	-0.238907	1.000000	0.971042	-0.238907	1.000000
17.560000	0.960712	-0.277547	1.000000	0.960712	-0.277548	1.000000
17.600000	0.948845	-0.315743	1.000000	0.948844	-0.315744	1.000000
17.640000	0.935459	-0.353434	1.000000	0.935459	-0.353435	1.000000
17.680000	0.920577	-0.390560	1.000000	0.920577	-0.390561	1.000000
17.720000	0.904223	-0.427061	1.000000	0.904223	-0.427061	1.000000
17.760000	0.886422	-0.462879	1.000000	0.886421	-0.462879	1.000000
17.800000	0.867202	-0.497956	1.000000	0.867202	-0.497956	1.000000
17.840000	0.846596	-0.532236	1.000000	0.846596	-0.532237	1.000000
17.880000	0.824635	-0.565665	1.000000	0.824635	-0.565666	1.000000
17.920000	0.801355	-0.598190	1.000000	0.801354	-0.598190	1.000000
17.960000	0.776792	-0.629757	1.000000	0.776792	-0.629757	1.000000
18.000000	0.750987	-0.660316	1.000000	0.750987	-0.660317	1.000000
18.040000	0.723981	-0.689820	1.000000	0.723981	-0.689820	1.000000
18.080000	0.695817	-0.718219	1.000000	0.695816	-0.718220	1.000000
18.120000	0.666539	-0.745470	1.000000	0.666539	-0.745470	1.000000
18.160000	0.636195	-0.771528	1.000000	0.636195	-0.771529	1.000000
18.200000	0.604833	-0.796352	1.000000	0.604833	-0.796352	1.000000
18.240000	0.572504	-0.819902	1.000000	0.572503	-0.819902	1.000000
18.280000	0.539258	-0.842140	1.000000	0.539258	-0.842141	1.000000
18.320000	0.505150	-0.863031	1.000000	0.505150	-0.863031	1.000000
18.360000	0.470234	-0.882542	1.000000	0.470234	-0.882542	1.000000
18.400000	0.434566	-0.900640	1.000000	0.434566	-0.900640	1.000000
18.440000	0.398202	-0.917298	1.000000	0.398202	-0.917298	1.000000
18.480000	0.361202	-0.932488	1.000000	0.361201	-0.932488	1.000000
18.520000	0.323623	-0.946186	1.000000	0.323623	-0.946186	1.000000
18.560000	0.285527	-0.958371	1.000000	0.285527	-0.958371	1.000000
18.600000	0.246974	-0.969022	1.000000	0.246974	-0.969022	1.000000
18.640000	0.208026	-0.978123	1.000000	0.208026	-0.978123	1.000000
18.680000	0.168745	-0.985660	1.000000	0.168745	-0.985660	1.000000
18.720000	0.129194	-0.991619	1.000000	0.129194	-0.991619	1.000000
18.760000	0.089437	-0.995992	1.000000	0.089436	-0.995993	1.000000
18.800000	0.049536	-0.998772	1.000000	0.049536	-0.998772	1.000000
18.840000	0.009556	-0.999954	1.000000	0.009556	-0.999954	1.000000
18.880000	-0.030439	-0.999537	1.000000	-0.030439	-0.999537	1.000000
18.920000	-0.070385	-0.997520	1.000000	-0.070386	-0.997520	1.000000
18.960000	-0.110219	-0.993907	1.000000	-0.110220	-0.993907	1.000000
19.000000	-0.149877	-0.988705	1.000000	-0.149877	-0.988705	1.000000
19.040000	-0.189295	-0.981920	1.000000	-0.189295	-0.981920	1.000000
19.080000	-0.228409	-0.973565	1.000000	-0.228410	-0.973565	1.000000
19.120000	-0.267159	-0.963652	1.000000	-0.267159	-0.963652	1.000000
19.160000	-0.305481	-0.952198	1.000000	-0.305482	-0.952198	1.000000
19.200000	-0.343315	-0.939220	1.000000	-0.343315	-0.939220	1.000000
19.240000	-0.380599	-0.924740	1.000000	-0.380599	-0.924740	1.000000
19.280000	-0.417274	-0.908781	1.000000	-0.417274	-0.908781	1.000000
19.320000	-0.453282	-0.891367	1.000000	-0.453282	-0.891367	1.000000
19.360000	-0.488564	-0.872528	1.000000	-0.488565	-0.872528	1.000000
19.400000	-0.523065	-0.852293	1.000000	-0.523066	-0.852292	1.000000
19.440000	-0.556730	-0.830694	1.000000	-0.556730	-0.830694	1.000000
19.480000	-0.589503	-0.807766	1.000000	-0.589504	-0.807766	1.000000
19.520000	-0.621334	-0.783546	1.000000	-0.621334	-0.783546	1.000000
19.560000	-0.652170	-0.758073	1.000000	-0.652170	-0.758072	1.000000
19.600000	-0.681963	-0.731386	1.000000	-0.681964	-0.731386	1.000000
19.640000	-0.710665	-0.703530	1.000000	-0.710666	-0.703530	1.000000
19.680000	-0.738231	-0.674548	1.000000	-0.738231	-0.674548	1.000000
19.720000	-0.764615	-0.644487	1.000000	-0.764615	-0.644487	1.000000
19.760000	-0.789776	-0.613395	1.000000	-0.789776	-0.613395	1.000000
19.800000	-0.813673	-0.581322	1.000000	-0.813674	-0.581322	1.000000
19.840000	-0.836269	-0.548319	1.000000	-0.836270	-0.548319	1.000000
19.880000	-0.857527	-0.514438	1.000000	-0.857528	-0.514438	1.000000
19.920000	-0.877413	-0.479735	1.000000	-0.877414	-0.479735	1.000000
19.960000	-0.895896	-0.444264	1.000000	-0.895896	-0.444264	1.000000
