0.000000	1.000000	0.000000	0.000000	1.000000	0.000000	0.000000
0.040000	0.999200	-0.039989	0.000000	0.999200	-0.039989	0.000000
0.080000	0.996802	-0.079915	0.000000	0.996802	-0.079915	0.000000
0.120000	0.992809	-0.119712	0.000000	0.992809	-0.119712	0.000000
0.160000	0.987227	-0.159318	0.000000	0.987227	-0.159318	0.000000
0.200000	0.980067	-0.198669	0.000000	0.980067	-0.198669	0.000000
0.240000	0.971338	-0.237703	0.000000	0.971338	-0.237703	0.000000
0.280000	0.961055	-0.276356	0.000000	0.961055	-0.276356	0.000000
0.320000	0.949235	-0.314567	0.000000	0.949235	-0.314567	0.000000
0.360000	0.935897	-0.352274	0.000000	0.935897	-0.352274	0.000000
0.400000	0.921061	-0.389418	0.000000	0.921061	-0.389418	0.000000
0.440000	0.904752	-0.425939	0.000000	0.904752	-0.425939	0.000000
0.480000	0.886995	-0.461779	0.000000	0.886995	-0.461779	0.000000
0.520000	0.867819	-0.496880	0.000000	0.867819	-0.496880	0.000000
0.560000	0.847255	-0.531186	0.000000	0.847255	-0.531186	0.000000
0.600000	0.825336	-0.564642	0.000000	0.825336	-0.564642	0.000000
0.640000	0.802096	-0.597195	0.000000	0.802096	-0.597195	0.000000
0.680000	0.777573	-0.628793	0.000000	0.777573	-0.628793	0.000000
0.720000	0.751806	-0.659385	0.000000	0.751806	-0.659385	0.000000
0.760000	0.724836	-0.688921	0.000000	0.724836	-0.688921	0.000000
0.800000	0.696707	-0.717356	0.000000	0.696707	-0.717356	0.000000
0.840000	0.667463	-0.744643	0.000000	0.667463	-0.744643	0.000000
0.880000	0.637151	-0.770739	0.000000	0.637151	-0.770739	0.000000
0.920000	0.605820	-0.795602	0.000000	0.605820	-0.795602	0.000000
0.960000	0.573520	-0.819192	0.000000	0.573520	-0.819192	0.000000
1.000000	0.540302	-0.841471	0.000000	0.540302	-0.841471	0.000000
1.040000	0.506220	-0.862404	0.000000	0.506220	-0.862404	0.000000
1.080000	0.471328	-0.881958	0.000000	0.471328	-0.881958	0.000000
1.120000	0.435682	-0.900100	0.000000	0.435682	-0.900100	0.000000
1.160000	0.399340	-0.916803	0.000000	0.399340	-0.916803	0.000000
1.200000	0.362358	-0.932039	0.000000	0.362358	-0.932039	0.000000
1.240000	0.324796	-0.945784	0.000000	0.324796	-0.945784	0.000000
1.280000	0.286715	-0.958016	0.000000	0.286715	-0.958016	0.000000
1.320000	0.248175	-0.968715	0.000000	0.248175	-0.968715	0.000000
1.360000	0.209239	-0.977865	0.000000	0.209239	-0.977865	0.000000
1.400000	0.169967	-0.985450	0.000000	0.169967	-0.985450	0.000000
1.440000	0.130424	-0.991458	0.000000	0.130424	-0.991458	0.000000
1.480000	0.090672	-0.995881	0.000000	0.090672	-0.995881	0.000000
1.520000	0.050775	-0.998710	0.000000	0.050774	-0.998710	0.000000
1.560000	0.010796	-0.999942	0.000000	0.010796	-0.999942	0.000000
1.600000	-0.029199	-0.999574	0.000000	-0.029200	-0.999574	0.000000
1.640000	-0.069148	-0.997606	0.000000	-0.069148	-0.997606	0.000000
1.680000	-0.108987	-0.994043	0.000000	-0.108987	-0.994043	0.000000
1.720000	-0.148651	-0.988890	0.000000	-0.148651	-0.988890	0.000000
1.760000	-0.188077	-0.982154	0.000000	-0.188077	-0.982154	0.000000
1.800000	-0.227202	-0.973848	0.000000	-0.227202	-0.973848	0.000000
1.840000	-0.265964	-0.963983	0.000000	-0.265964	-0.963983	0.000000
1.880000	-0.304300	-0.952576	0.000000	-0.304300	-0.952576	0.000000
1.920000	-0.342150	-0.939645	0.000000	-0.342150	-0.939645	0.000000
1.960000	-0.379452	-0.925212	0.000000	-0.379452	-0.925212	0.000000
2.000000	-0.416147	-0.909297	0.000000	-0.416147	-0.909297	0.000000
2.040000	-0.452176	-0.891929	0.000000	-0.452176	-0.891929	0.000000
2.080000	-0.487482	-0.873133	0.000000	-0.487482	-0.873133	0.000000
2.120000	-0.522008	-0.852941	0.000000	-0.522008	-0.852940	0.000000
2.160000	-0.555699	-0.831383	0.000000	-0.555699	-0.831383	0.000000
2.200000	-0.588501	-0.808496	0.000000	-0.588501	-0.808496	0.000000
2.240000	-0.620362	-0.784316	0.000000	-0.620362	-0.784316	0.000000
2.280000	-0.651230	-0.758881	0.000000	-0.651230	-0.758881	0.000000
2.320000	-0.681056	-0.732231	0.000000	-0.681056	-0.732231	0.000000
2.360000	-0.709793	-0.704411	0.000000	-0.709793	-0.704411	0.000000
2.400000	-0.737394	-0.675463	0.000000	-0.737394	-0.675463	0.000000
2.440000	-0.763815	-0.645435	0.000000	-0.763815	-0.645435	0.000000
2.480000	-0.789015	-0.614374	0.000000	-0.789015	-0.614374	0.000000
2.520000	-0.812952	-0.582331	0.000000	-0.812952	-0.582331	0.000000
2.560000	-0.835589	-0.549355	0.000000	-0.835589	-0.549355	0.000000
2.600000	-0.856889	-0.515501	0.000000	-0.856889	-0.515501	0.000000
2.640000	-0.876818	-0.480823	0.000000	-0.876818	-0.480823	0.000000
2.680000	-0.895344	-0.445375	0.000000	-0.895344	-0.445375	0.000000
2.720000	-0.912438	-0.409214	0.000000	-0.912438	-0.409214	0.000000
2.760000	-0.928073	-0.372399	0.000000	-0.928073	-0.372399	0.000000
2.800000	-0.942222	-0.334988	0.000000	-0.942222	-0.334988	0.000000
2.840000	-0.954865	-0.297041	0.000000	-0.954865	-0.297041	0.000000
2.880000	-0.965979	-0.258619	0.000000	-0.965979	-0.258619	0.000000
2.920000	-0.975549	-0.219784	0.000000	-0.975549	-0.219784	0.000000
2.960000	-0.983557	-0.180596	0.000000	-0.983557	-0.180596	0.000000
3.000000	-0.989992	-0.141120	0.000000	-0.989992	-0.141120	0.000000
3.040000	-0.994844	-0.101418	0.000000	-0.994844	-0.101418	0.000000
3.080000	-0.998104	-0.061554	0.000000	-0.998104	-0.061554	0.000000
3.120000	-0.999767	-0.021591	0.000000	-0.999767	-0.021591	0.000000
3.160000	-0.999831	0.018406	0.000000	-0.999831	0.018406	0.000000
3.200000	-0.998295	0.058374	0.000000	-0.998295	0.058374	0.000000
3.240000	-0.995162	0.098249	0.000000	-0.995162	0.098249	0.000000
3.280000	-0.990437	0.137966	0.000000	-0.990437	0.137966	0.000000
3.320000	-0.984128	0.177462	0.000000	-0.984128	0.177462	0.000000
3.360000	-0.976244	0.216675	0.000000	-0.976244	0.216675	0.000000
3.400000	-0.966798	0.255541	0.000000	-0.966798	0.255541	0.000000
3.440000	-0.955806	0.293998	0.000000	-0.955806	0.293998	0.000000
3.480000	-0.943285	0.331985	0.000000	-0.943285	0.331985	0.000000
3.520000	-0.929254	0.369441	0.000000	-0.929254	0.369441	0.000000
3.560000	-0.913737	0.406306	0.000000	-0.913737	0.406306	0.000000
3.600000	-0.896758	0.442520	0.000000	-0.896758	0.442520	0.000000
3.640000	-0.878345	0.478027	0.000000	-0.878345	0.478027	0.000000
3.680000	-0.858526	0.512769	0.000000	-0.858526	0.512769	0.000000
3.720000	-0.837334	0.546691	0.000000	-0.837334	0.546691	0.000000
3.760000	-0.814803	0.579738	0.000000	-0.814803	0.579738	0.000000
3.800000	-0.790968	0.611858	0.000000	-0.790968	0.611858	0.000000
3.840000	-0.765867	0.642999	0.000000	-0.765867	0.642999	0.000000
3.880000	-0.739542	0.673111	0.000000	-0.739542	0.673111	0.000000
3.920000	-0.712033	0.702146	0.000000	-0.712033	0.702146	0.000000
3.960000	-0.683385	0.730058	0.000000	-0.683385	0.730058	0.000000
4.000000	-0.653644	0.756802	0.000000	-0.653644	0.756802	0.000000
4.040000	-0.622857	0.782336	0.000000	-0.622857	0.782336	0.000000
4.080000	-0.591074	0.806618	0.000000	-0.591073	0.806618	0.000000
4.120000	-0.558345	0.829609	0.000000	-0.558345	0.829609	0.000000
4.160000	-0.524722	0.851273	0.000000	-0.524722	0.851273	0.000000
4.200000	-0.490261	0.871576	0.000000	-0.490261	0.871576	0.000000
4.240000	-0.455015	0.890484	0.000000	-0.455015	0.890484	0.000000
4.280000	-0.419041	0.907967	0.000000	-0.419041	0.907967	0.000000
4.320000	-0.382397	0.923998	0.000000	-0.382397	0.923998	0.000000
4.360000	-0.345141	0.938551	0.000000	-0.345141	0.938551	0.000000
4.400000	-0.307333	0.951602	0.000000	-0.307333	0.951602	0.000000
4.440000	-0.269033	0.963131	0.000000	-0.269033	0.963131	0.000000
4.480000	-0.230303	0.973119	0.000000	-0.230303	0.973119	0.000000
4.520000	-0.191204	0.981550	0.000000	-0.191204	0.981550	0.000000
4.560000	-0.151800	0.988411	0.000000	-0.151800	0.988411	0.000000
4.600000	-0.112153	0.993691	0.000000	-0.112153	0.993691	0.000000
4.640000	-0.072326	0.997381	0.000000	-0.072326	0.997381	0.000000
4.680000	-0.032383	0.999476	0.000000	-0.032383	0.999476	0.000000
4.720000	0.007611	0.999971	0.000000	0.007611	0.999971	0.000000
4.760000	0.047593	0.998867	0.000000	0.047593	0.998867	0.000000
4.800000	0.087499	0.996165	0.000000	0.087499	0.996165	0.000000
4.840000	0.127265	0.991869	0.000000	0.127265	0.991869	0.000000
4.880000	0.166827	0.985986	0.000000	0.166827	0.985986	0.000000
4.920000	0.206123	0.978526	0.000000	0.206123	0.978526	0.000000
4.960000	0.245088	0.969501	0.000000	0.245089	0.969501	0.000000
5.000000	0.283662	0.958924	0.000000	0.283662	0.958924	0.000000
5.040000	0.321782	0.946814	0.000000	0.321782	0.946814	0.000000
5.080000	0.359387	0.933189	0.000000	0.359387	0.933189	0.000000
5.120000	0.396417	0.918071	0.000000	0.396417	0.918070	0.000000
5.160000	0.432813	0.901484	0.000000	0.432813	0.901484	0.000000
5.200000	0.468517	0.883455	0.000000	0.468517	0.883455	0.000000
5.240000	0.503471	0.864012	0.000000	0.503471	0.864012	0.000000
5.280000	0.537619	0.843188	0.000000	0.537619	0.843188	0.000000
5.320000	0.570908	0.821014	0.000000	0.570908	0.821014	0.000000
5.360000	0.603283	0.797527	0.000000	0.603283	0.797527	0.000000
5.400000	0.634693	0.772765	0.000000	0.634693	0.772764	0.000000
5.440000	0.665087	0.746765	0.000000	0.665088	0.746765	0.000000
5.480000	0.694418	0.719572	0.000000	0.694418	0.719572	0.000000
5.520000	0.722638	0.691227	0.000000	0.722638	0.691227	0.000000
5.560000	0.749701	0.661776	0.000000	0.749702	0.661776	0.000000
5.600000	0.775566	0.631267	0.000000	0.775566	0.631267	0.000000
5.640000	0.800189	0.599747	0.000000	0.800189	0.599747	0.000000
5.680000	0.823533	0.567269	0.000000	0.823533	0.567269	0.000000
5.720000	0.845559	0.533882	0.000000	0.845559	0.533882	0.000000
5.760000	0.866232	0.499642	0.000000	0.866232	0.499642	0.000000
5.800000	0.885519	0.464602	0.000000	0.885520	0.464602	0.000000
5.840000	0.903390	0.428819	0.000000	0.903390	0.428819	0.000000
5.880000	0.919816	0.392350	0.000000	0.919816	0.392350	0.000000
5.920000	0.934770	0.355254	0.000000	0.934770	0.355254	0.000000
5.960000	0.948229	0.317589	0.000000	0.948229	0.317589	0.000000
6.000000	0.960170	0.279416	0.000000	0.960170	0.279415	0.000000
6.040000	0.970576	0.240796	0.000000	0.970576	0.240795	0.000000
6.080000	0.979429	0.201790	0.000000	0.979429	0.201790	0.000000
6.120000	0.986715	0.162462	0.000000	0.986715	0.162462	0.000000
6.160000	0.992422	0.122874	0.000000	0.992422	0.122874	0.000000
6.200000	0.996542	0.083090	0.000000	0.996542	0.083089	0.000000
6.240000	0.999068	0.043172	0.000000	0.999068	0.043172	0.000000
6.280000	0.999995	0.003185	0.000000	0.999995	0.003185	0.000000
6.320000	0.999322	-0.036806	0.000000	0.999322	-0.036806	0.000000
6.360000	0.997051	-0.076739	0.000000	0.997051	-0.076739	0.000000
6.400000	0.993185	-0.116549	0.000000	0.993185	-0.116549	0.000000
6.440000	0.987730	-0.156173	0.000000	0.987730	-0.156173	0.000000
6.480000	0.980694	-0.195546	0.000000	0.980694	-0.195547	0.000000
6.520000	0.972090	-0.234607	0.000000	0.972090	-0.234607	0.000000
6.560000	0.961931	-0.273293	0.000000	0.961931	-0.273293	0.000000
6.600000	0.950233	-0.311541	0.000000	0.950233	-0.311541	0.000000
6.640000	0.937014	-0.349291	0.000000	0.937014	-0.349291	0.000000
6.680000	0.922297	-0.386482	0.000000	0.922297	-0.386483	0.000000
6.720000	0.906104	-0.423055	0.000000	0.906104	-0.423055	0.000000
6.760000	0.888461	-0.458951	0.000000	0.888461	-0.458951	0.000000
6.800000	0.869398	-0.494113	0.000000	0.869397	-0.494113	0.000000
6.840000	0.848943	-0.528485	0.000000	0.848943	-0.528485	0.000000
6.880000	0.827130	-0.562011	0.000000	0.827130	-0.562011	0.000000
6.920000	0.803994	-0.594637	0.000000	0.803994	-0.594637	0.000000
6.960000	0.779572	-0.626313	0.000000	0.779572	-0.626313	0.000000
7.000000	0.753902	-0.656986	0.000000	0.753902	-0.656987	0.000000
7.040000	0.727027	-0.686609	0.000000	0.727027	-0.686609	0.000000
7.080000	0.698988	-0.715133	0.000000	0.698988	-0.715133	0.000000
7.120000	0.669831	-0.742513	0.000000	0.669831	-0.742513	0.000000
7.160000	0.639603	-0.768705	0.000000	0.639603	-0.768705	0.000000
7.200000	0.608351	-0.793668	0.000000	0.608351	-0.793668	0.000000
7.240000	0.576127	-0.817360	0.000000	0.576126	-0.817361	0.000000
7.280000	0.542980	-0.839746	0.000000	0.542980	-0.839746	0.000000
7.320000	0.508965	-0.860787	0.000000	0.508965	-0.860787	0.000000
7.360000	0.474135	-0.880452	0.000000	0.474135	-0.880452	0.000000
7.400000	0.438547	-0.898708	0.000000	0.438547	-0.898708	0.000000
7.440000	0.402258	-0.915526	0.000000	0.402258	-0.915526	0.000000
7.480000	0.365325	-0.930880	0.000000	0.365325	-0.930880	0.000000
7.520000	0.327807	-0.944745	0.000000	0.327807	-0.944745	0.000000
7.560000	0.289765	-0.957098	0.000000	0.289765	-0.957098	0.000000
7.600000	0.251260	-0.967920	0.000000	0.251260	-0.967920	0.000000
7.640000	0.212353	-0.977193	0.000000	0.212352	-0.977193	0.000000
7.680000	0.173105	-0.984903	0.000000	0.173105	-0.984903	0.000000
7.720000	0.133581	-0.991038	0.000000	0.133581	-0.991038	0.000000
7.760000	0.093844	-0.995587	0.000000	0.093843	-0.995587	0.000000
7.800000	0.053956	-0.998543	0.000000	0.053955	-0.998543	0.000000
7.840000	0.013981	-0.999902	0.000000	0.013981	-0.999902	0.000000
7.880000	-0.026015	-0.999662	0.000000	-0.026015	-0.999662	0.000000
7.920000	-0.065970	-0.997822	0.000000	-0.065970	-0.997822	0.000000
7.960000	-0.105820	-0.994385	0.000000	-0.105820	-0.994385	0.000000
8.000000	-0.145500	-0.989358	0.000000	-0.145500	-0.989358	0.000000
8.040000	-0.184947	-0.982748	0.000000	-0.184947	-0.982748	0.000000
8.080000	-0.224099	-0.974566	0.000000	-0.224099	-0.974566	0.000000
8.120000	-0.262892	-0.964825	0.000000	-0.262892	-0.964825	0.000000
8.160000	-0.301264	-0.953541	0.000000	-0.301264	-0.953541	0.000000
8.200000	-0.339155	-0.940731	0.000000	-0.339155	-0.940731	0.000000
8.240000	-0.376503	-0.926416	0.000000	-0.376503	-0.926415	0.000000
8.280000	-0.413248	-0.910618	0.000000	-0.413248	-0.910618	0.000000
8.320000	-0.449333	-0.893365	0.000000	-0.449333	-0.893364	0.000000
8.360000	-0.484698	-0.874681	0.000000	-0.484698	-0.874681	0.000000
8.400000	-0.519288	-0.854599	0.000000	-0.519289	-0.854599	0.000000
8.440000	-0.553048	-0.833149	0.000000	-0.553048	-0.833149	0.000000
8.480000	-0.585923	-0.810367	0.000000	-0.585923	-0.810367	0.000000
8.520000	-0.617860	-0.786288	0.000000	-0.617860	-0.786288	0.000000
8.560000	-0.648809	-0.760951	0.000000	-0.648809	-0.760951	0.000000
8.600000	-0.678720	-0.734397	0.000000	-0.678720	-0.734397	0.000000
8.640000	-0.707545	-0.706668	0.000000	-0.707545	-0.706668	0.000000
8.680000	-0.735238	-0.677809	0.000000	-0.735238	-0.677809	0.000000
8.720000	-0.761755	-0.647865	0.000000	-0.761755	-0.647865	0.000000
8.760000	-0.787054	-0.616885	0.000000	-0.787054	-0.616884	0.000000
8.800000	-0.811093	-0.584917	0.000000	-0.811093	-0.584917	0.000000
8.840000	-0.833835	-0.552014	0.000000	-0.833835	-0.552014	0.000000
8.880000	-0.855242	-0.518228	0.000000	-0.855242	-0.518228	0.000000
8.920000	-0.875282	-0.483613	0.000000	-0.875282	-0.483613	0.000000
8.960000	-0.893921	-0.448224	0.000000	-0.893921	-0.448224	0.000000
9.000000	-0.911130	-0.412119	0.000000	-0.911130	-0.412118	0.000000
9.040000	-0.926882	-0.375354	0.000000	-0.926882	-0.375353	0.000000
9.080000	-0.941150	-0.337988	0.000000	-0.941151	-0.337988	0.000000
9.120000	-0.953914	-0.300082	0.000000	-0.953914	-0.300081	0.000000
9.160000	-0.965151	-0.261695	0.000000	-0.965151	-0.261695	0.000000
9.200000	-0.974844	-0.222890	0.000000	-0.974844	-0.222890	0.000000
9.240000	-0.982977	-0.183728	0.000000	-0.982977	-0.183728	0.000000
9.280000	-0.989538	-0.144273	0.000000	-0.989538	-0.144273	0.000000
9.320000	-0.994516	-0.104587	0.000000	-0.994516	-0.104586	0.000000
9.360000	-0.997903	-0.064733	0.000000	-0.997903	-0.064733	0.000000
9.400000	-0.999693	-0.024776	0.000000	-0.999693	-0.024775	0.000000
9.440000	-0.999884	0.015221	0.000000	-0.999884	0.015221	0.000000
9.480000	-0.998476	0.055194	0.000000	-0.998476	0.055194	0.000000
9.520000	-0.995470	0.095078	0.000000	-0.995470	0.095078	0.000000
9.560000	-0.990871	0.134810	0.000000	-0.990871	0.134810	0.000000
9.600000	-0.984688	0.174327	0.000000	-0.984688	0.174327	0.000000
9.640000	-0.976929	0.213564	0.000000	-0.976929	0.213564	0.000000
9.680000	-0.967607	0.252460	0.000000	-0.967607	0.252460	0.000000
9.720000	-0.956738	0.290952	0.000000	-0.956738	0.290952	0.000000
9.760000	-0.944337	0.328979	0.000000	-0.944337	0.328979	0.000000
9.800000	-0.930426	0.366479	0.000000	-0.930426	0.366479	0.000000
9.840000	-0.915027	0.403393	0.000000	-0.915027	0.403393	0.000000
9.880000	-0.898164	0.439662	0.000000	-0.898163	0.439662	0.000000
9.920000	-0.879863	0.475227	0.000000	-0.879863	0.475227	0.000000
9.960000	-0.860156	0.510032	0.000000	-0.860155	0.510032	0.000000
10.000000	-0.839072	0.544021	0.000000	-0.839072	0.544021	0.000000
10.040000	-0.816645	0.577140	0.000000	-0.816645	0.577140	0.000000
10.080000	-0.792913	0.609335	0.000000	-0.792913	0.609335	0.000000
10.120000	-0.767912	0.640556	0.000000	-0.767911	0.640556	0.000000
10.160000	-0.741682	0.670752	0.000000	-0.741682	0.670752	0.000000
10.200000	-0.714266	0.699875	0.000000	-0.714266	0.699875	0.000000
10.240000	-0.685707	0.727878	0.000000	-0.685707	0.727878	0.000000
10.280000	-0.656051	0.754716	0.000000	-0.656051	0.754717	0.000000
10.320000	-0.625346	0.780348	0.000000	-0.625346	0.780348	0.000000
10.360000	-0.593640	0.804731	0.000000	-0.593640	0.804731	0.000000
10.400000	-0.560984	0.827826	0.000000	-0.560984	0.827826	0.000000
10.440000	-0.527431	0.849598	0.000000	-0.527431	0.849598	0.000000
10.480000	-0.493035	0.870010	0.000000	-0.493035	0.870010	0.000000
10.520000	-0.457849	0.889030	0.000000	-0.457849	0.889030	0.000000
10.560000	-0.421931	0.906628	0.000000	-0.421931	0.906628	0.000000
10.600000	-0.385338	0.922775	0.000000	-0.385338	0.922775	0.000000
10.640000	-0.348129	0.937447	0.000000	-0.348129	0.937447	0.000000
10.680000	-0.310363	0.950618	0.000000	-0.310362	0.950618	0.000000
10.720000	-0.272100	0.962269	0.000000	-0.272100	0.962269	0.000000
10.760000	-0.233402	0.972380	0.000000	-0.233401	0.972380	0.000000
10.800000	-0.194330	0.980936	0.000000	-0.194330	0.980936	0.000000
10.840000	-0.154948	0.987923	0.000000	-0.154947	0.987923	0.000000
10.880000	-0.115317	0.993329	0.000000	-0.115317	0.993329	0.000000
10.920000	-0.075503	0.997146	0.000000	-0.075502	0.997146	0.000000
10.960000	-0.035567	0.999367	0.000000	-0.035567	0.999367	0.000000
11.000000	0.004425	0.999990	0.000000	0.004426	0.999990	0.000000
11.040000	0.044411	0.999013	0.000000	0.044411	0.999013	0.000000
11.080000	0.084325	0.996438	0.000000	0.084325	0.996438	0.000000
11.120000	0.124105	0.992269	0.000000	0.124105	0.992269	0.000000
11.160000	0.163686	0.986513	0.000000	0.163686	0.986513	0.000000
11.200000	0.203005	0.979178	0.000000	0.203005	0.979178	0.000000
11.240000	0.241999	0.970277	0.000000	0.241999	0.970276	0.000000
11.280000	0.280606	0.959823	0.000000	0.280606	0.959823	0.000000
11.320000	0.318764	0.947834	0.000000	0.318765	0.947834	0.000000
11.360000	0.356413	0.934329	0.000000	0.356413	0.934329	0.000000
11.400000	0.393491	0.919329	0.000000	0.393491	0.919329	0.000000
11.440000	0.429939	0.902858	0.000000	0.429939	0.902858	0.000000
11.480000	0.465700	0.884943	0.000000	0.465700	0.884943	0.000000
11.520000	0.500716	0.865612	0.000000	0.500716	0.865612	0.000000
11.560000	0.534930	0.844896	0.000000	0.534931	0.844896	0.000000
11.600000	0.568289	0.822829	0.000000	0.568290	0.822829	0.000000
11.640000	0.600739	0.799445	0.000000	0.600739	0.799445	0.000000
11.680000	0.632228	0.774782	0.000000	0.632228	0.774782	0.000000
11.720000	0.662705	0.748880	0.000000	0.662705	0.748880	0.000000
11.760000	0.692122	0.721780	0.000000	0.692123	0.721780	0.000000
11.800000	0.720432	0.693525	0.000000	0.720432	0.693525	0.000000
11.840000	0.747590	0.664161	0.000000	0.747590	0.664161	0.000000
11.880000	0.773551	0.633734	0.000000	0.773551	0.633734	0.000000
11.920000	0.798275	0.602293	0.000000	0.798275	0.602293	0.000000
11.960000	0.821722	0.569889	0.000000	0.821722	0.569889	0.000000
12.000000	0.843854	0.536573	0.000000	0.843854	0.536573	0.000000
12.040000	0.864636	0.502399	0.000000	0.864636	0.502399	0.000000
12.080000	0.884035	0.467421	0.000000	0.884035	0.467420	0.000000
12.120000	0.902020	0.431695	0.000000	0.902020	0.431695	0.000000
12.160000	0.918561	0.395278	0.000000	0.918561	0.395278	0.000000
12.200000	0.933634	0.358230	0.000000	0.933634	0.358229	0.000000
12.240000	0.947212	0.320608	0.000000	0.947212	0.320607	0.000000
12.280000	0.959275	0.282473	0.000000	0.959275	0.282473	0.000000
12.320000	0.969804	0.243886	0.000000	0.969804	0.243886	0.000000
12.360000	0.978781	0.204909	0.000000	0.978781	0.204909	0.000000
12.400000	0.986192	0.165604	0.000000	0.986192	0.165604	0.000000
12.440000	0.992026	0.126035	0.000000	0.992026	0.126035	0.000000
12.480000	0.996272	0.086264	0.000000	0.996272	0.086263	0.000000
12.520000	0.998925	0.046354	0.000000	0.998925	0.046354	0.000000
12.560000	0.999980	0.006371	0.000000	0.999980	0.006371	0.000000
12.600000	0.999435	-0.033623	0.000000	0.999435	-0.033623	0.000000
12.640000	0.997291	-0.073563	0.000000	0.997291	-0.073563	0.000000
12.680000	0.993551	-0.113385	0.000000	0.993551	-0.113385	0.000000
12.720000	0.988222	-0.153026	0.000000	0.988222	-0.153026	0.000000
12.760000	0.981312	-0.192421	0.000000	0.981312	-0.192422	0.000000
12.800000	0.972833	-0.231510	0.000000	0.972833	-0.231510	0.000000
12.840000	0.962797	-0.270227	0.000000	0.962796	-0.270228	0.000000
12.880000	0.951220	-0.308513	0.000000	0.951220	-0.308513	0.000000
12.920000	0.938122	-0.346305	0.000000	0.938122	-0.346305	0.000000
12.960000	0.923523	-0.383542	0.000000	0.923523	-0.383543	0.000000
13.000000	0.907447	-0.420167	0.000000	0.907447	-0.420167	0.000000
13.040000	0.889919	-0.456119	0.000000	0.889919	-0.456119	0.000000
13.080000	0.870967	-0.491341	0.000000	0.870967	-0.491342	0.000000
13.120000	0.850622	-0.525778	0.000000	0.850622	-0.525778	0.000000
13.160000	0.828916	-0.559373	0.000000	0.828916	-0.559373	0.000000
13.200000	0.805884	-0.592073	0.000000	0.805884	-0.592074	0.000000
13.240000	0.781563	-0.623826	0.000000	0.781563	-0.623827	0.000000
13.280000	0.755991	-0.654582	0.000000	0.755991	-0.654582	0.000000
13.320000	0.729210	-0.684290	0.000000	0.729210	-0.684290	0.000000
13.360000	0.701263	-0.712903	0.000000	0.701263	-0.712903	0.000000
13.400000	0.672193	-0.740376	0.000000	0.672193	-0.740376	0.000000
13.440000	0.642048	-0.766664	0.000000	0.642048	-0.766664	0.000000
13.480000	0.610877	-0.791726	0.000000	0.610876	-0.791726	0.000000
13.520000	0.578727	-0.815521	0.000000	0.578727	-0.815521	0.000000
13.560000	0.545652	-0.838012	0.000000	0.545652	-0.838012	0.000000
13.600000	0.511704	-0.859162	0.000000	0.511704	-0.859162	0.000000
13.640000	0.476938	-0.878937	0.000000	0.476937	-0.878937	0.000000
13.680000	0.441408	-0.897306	0.000000	0.441408	-0.897307	0.000000
13.720000	0.405172	-0.914240	0.000000	0.405172	-0.914240	0.000000
13.760000	0.368288	-0.929712	0.000000	0.368288	-0.929712	0.000000
13.800000	0.330815	-0.943696	0.000000	0.330815	-0.943696	0.000000
13.840000	0.292813	-0.956170	0.000000	0.292812	-0.956170	0.000000
13.880000	0.254342	-0.967114	0.000000	0.254342	-0.967114	0.000000
13.920000	0.215464	-0.976512	0.000000	0.215464	-0.976512	0.000000
13.960000	0.176242	-0.984347	0.000000	0.176242	-0.984347	0.000000
14.000000	0.136738	-0.990607	0.000000	0.136737	-0.990607	0.000000
14.040000	0.097014	-0.995283	0.000000	0.097014	-0.995283	0.000000
14.080000	0.057136	-0.998366	0.000000	0.057136	-0.998366	0.000000
14.120000	0.017166	-0.999853	0.000000	0.017166	-0.999853	0.000000
14.160000	-0.022831	-0.999739	0.000000	-0.022831	-0.999739	0.000000
14.200000	-0.062791	-0.998027	0.000000	-0.062792	-0.998027	0.000000
14.240000	-0.102652	-0.994717	0.000000	-0.102652	-0.994717	0.000000
14.280000	-0.142348	-0.989817	0.000000	-0.142348	-0.989817	0.000000
14.320000	-0.181816	-0.983333	0.000000	-0.181816	-0.983333	0.000000
14.360000	-0.220993	-0.975275	0.000000	-0.220994	-0.975275	0.000000
14.400000	-0.259817	-0.965658	0.000000	-0.259817	-0.965658	0.000000
14.440000	-0.298225	-0.954496	0.000000	-0.298226	-0.954495	0.000000
14.480000	-0.336156	-0.941806	0.000000	-0.336157	-0.941806	0.000000
14.520000	-0.373550	-0.927610	0.000000	-0.373550	-0.927610	0.000000
14.560000	-0.410345	-0.911930	0.000000	-0.410346	-0.911930	0.000000
14.600000	-0.446485	-0.894791	0.000000	-0.446485	-0.894791	0.000000
14.640000	-0.481910	-0.876221	0.000000	-0.481910	-0.876221	0.000000
14.680000	-0.516564	-0.856249	0.000000	-0.516564	-0.856249	0.000000
14.720000	-0.550391	-0.834907	0.000000	-0.550391	-0.834907	0.000000
14.760000	-0.583338	-0.812229	0.000000	-0.583339	-0.812229	0.000000
14.800000	-0.615352	-0.788252	0.000000	-0.615352	-0.788252	0.000000
14.840000	-0.646382	-0.763014	0.000000	-0.646382	-0.763014	0.000000
14.880000	-0.676377	-0.736556	0.000000	-0.676377	-0.736555	0.000000
14.920000	-0.705290	-0.708918	0.000000	-0.705291	-0.708918	0.000000
14.960000	-0.733075	-0.680147	0.000000	-0.733076	-0.680147	0.000000
15.000000	-0.759688	-0.650288	0.000000	-0.759688	-0.650288	0.000000
15.040000	-0.785085	-0.619389	0.000000	-0.785085	-0.619388	0.000000
15.080000	-0.809226	-0.587498	0.000000	-0.809226	-0.587498	0.000000
15.120000	-0.832072	-0.554668	0.000000	-0.832072	-0.554667	0.000000
15.160000	-0.853587	-0.520950	0.000000	-0.853587	-0.520950	0.000000
15.200000	-0.873737	-0.486399	0.000000	-0.873737	-0.486399	0.000000
15.240000	-0.892489	-0.451070	0.000000	-0.892489	-0.451069	0.000000
15.280000	-0.909813	-0.415019	0.000000	-0.909813	-0.415019	0.000000
15.320000	-0.925681	-0.378304	0.000000	-0.925681	-0.378304	0.000000
15.360000	-0.940069	-0.340984	0.000000	-0.940069	-0.340984	0.000000
15.400000	-0.952953	-0.303119	0.000000	-0.952953	-0.303118	0.000000
15.440000	-0.964312	-0.264768	0.000000	-0.964312	-0.264768	0.000000
15.480000	-0.974129	-0.225994	0.000000	-0.974129	-0.225994	0.000000
15.520000	-0.982387	-0.186859	0.000000	-0.982387	-0.186858	0.000000
15.560000	-0.989073	-0.147424	0.000000	-0.989073	-0.147424	0.000000
15.600000	-0.994178	-0.107754	0.000000	-0.994178	-0.107754	0.000000
15.640000	-0.997691	-0.067911	0.000000	-0.997691	-0.067911	0.000000
15.680000	-0.999609	-0.027960	0.000000	-0.999609	-0.027960	0.000000
15.720000	-0.999928	0.012036	0.000000	-0.999928	0.012036	0.000000
15.760000	-0.998646	0.052013	0.000000	-0.998646	0.052013	0.000000
15.800000	-0.995768	0.091907	0.000000	-0.995768	0.091907	0.000000
15.840000	-0.991296	0.131653	0.000000	-0.991296	0.131653	0.000000
15.880000	-0.985238	0.171189	0.000000	-0.985238	0.171189	0.000000
15.920000	-0.977604	0.210451	0.000000	-0.977604	0.210451	0.000000
15.960000	-0.968407	0.249377	0.000000	-0.968407	0.249377	0.000000
16.000000	-0.957660	0.287903	0.000000	-0.957659	0.287903	0.000000
16.040000	-0.945380	0.325969	0.000000	-0.945380	0.325969	0.000000
16.080000	-0.931589	0.363513	0.000000	-0.931589	0.363514	0.000000
16.120000	-0.916307	0.400476	0.000000	-0.916307	0.400476	0.000000
16.160000	-0.899559	0.436798	0.000000	-0.899559	0.436799	0.000000
16.200000	-0.881373	0.472422	0.000000	-0.881372	0.472422	0.000000
16.240000	-0.861776	0.507289	0.000000	-0.861776	0.507290	0.000000
16.280000	-0.840800	0.541345	0.000000	-0.840800	0.541346	0.000000
16.320000	-0.818480	0.574535	0.000000	-0.818480	0.574536	0.000000
16.360000	-0.794850	0.606806	0.000000	-0.794850	0.606807	0.000000
16.400000	-0.769948	0.638106	0.000000	-0.769948	0.638107	0.000000
16.440000	-0.743815	0.668386	0.000000	-0.743815	0.668386	0.000000
16.480000	-0.716492	0.697596	0.000000	-0.716491	0.697596	0.000000
16.520000	-0.688022	0.725690	0.000000	-0.688022	0.725690	0.000000
16.560000	-0.658452	0.752623	0.000000	-0.658452	0.752623	0.000000
16.600000	-0.627828	0.778352	0.000000	-0.627828	0.778352	0.000000
16.640000	-0.596200	0.802836	0.000000	-0.596200	0.802836	0.000000
16.680000	-0.563619	0.826035	0.000000	-0.563618	0.826035	0.000000
16.720000	-0.530135	0.847913	0.000000	-0.530135	0.847913	0.000000
16.760000	-0.495804	0.868435	0.000000	-0.495803	0.868435	0.000000
16.800000	-0.460679	0.887567	0.000000	-0.460679	0.887567	0.000000
16.840000	-0.424817	0.905279	0.000000	-0.424817	0.905279	0.000000
16.880000	-0.388276	0.921543	0.000000	-0.388276	0.921543	0.000000
16.920000	-0.351113	0.936333	0.000000	-0.351113	0.936333	0.000000
16.960000	-0.313389	0.949625	0.000000	-0.313389	0.949625	0.000000
17.000000	-0.275164	0.961397	0.000000	-0.275163	0.961397	0.000000
17.040000	-0.236498	0.971632	0.000000	-0.236498	0.971632	0.000000
17.080000	-0.197454	0.980312	0.000000	-0.197453	0.980312	0.000000
17.120000	-0.158094	0.987424	0.000000	-0.158094	0.987424	0.000000
17.160000	-0.118481	0.992956	0.000000	-0.118481	0.992956	0.000000
17.200000	-0.078679	0.996900	0.000000	-0.078678	0.996900	0.000000
17.240000	-0.038750	0.999249	0.000000	-0.038750	0.999249	0.000000
17.280000	0.001240	0.999999	0.000000	0.001240	0.999999	0.000000
17.320000	0.041228	0.999150	0.000000	0.041229	0.999150	0.000000
17.360000	0.081151	0.996702	0.000000	0.081151	0.996702	0.000000
17.400000	0.120943	0.992659	0.000000	0.120944	0.992659	0.000000
17.440000	0.160542	0.987029	0.000000	0.160543	0.987029	0.000000
17.480000	0.199884	0.979819	0.000000	0.199885	0.979819	0.000000
17.520000	0.238907	0.971042	0.000000	0.238907	0.971042	0.000000
17.560000	0.277547	0.960712	0.000000	0.277548	0.960712	0.000000
17.600000	0.315743	0.948845	0.000000	0.315744	0.948844	0.000000
17.640000	0.353434	0.935459	0.000000	0.353435	0.935459	0.000000
17.680000	0.390560	0.920577	0.000000	0.390561	0.920577	0.000000
17.720000	0.427061	0.904223	0.000000	0.427061	0.904223	0.000000
17.760000	0.462879	0.886422	0.000000	0.462879	0.886421	0.000000
17.800000	0.497956	0.867202	0.000000	0.497956	0.867202	0.000000
17.840000	0.532236	0.846596	0.000000	0.532237	0.846596	0.000000
17.880000	0.565665	0.824635	0.000000	0.565666	0.824635	0.000000
17.920000	0.598190	0.801355	0.000000	0.598190	0.801354	0.000000
17.960000	0.629757	0.776792	0.000000	0.629757	0.776792	0.000000
18.000000	0.660316	0.750987	0.000000	0.660317	0.750987	0.000000
18.040000	0.689820	0.723981	0.000000	0.689820	0.723981	0.000000
18.080000	0.718219	0.695817	0.000000	0.718220	0.695816	0.000000
18.120000	0.745470	0.666539	0.000000	0.745470	0.666539	0.000000
18.160000	0.771528	0.636195	0.000000	0.771529	0.636195	0.000000
18.200000	0.796352	0.604833	0.000000	0.796352	0.604833	0.000000
18.240000	0.819902	0.572504	0.000000	0.819902	0.572503	0.000000
18.280000	0.842140	0.539258	0.000000	0.842141	0.539258	0.000000
18.320000	0.863031	0.505150	0.000000	0.863031	0.505150	0.000000
18.360000	0.882542	0.470234	0.000000	0.882542	0.470234	0.000000
18.400000	0.900640	0.434566	0.000000	0.900640	0.434566	0.000000
18.440000	0.917298	0.398202	0.000000	0.917298	0.398202	0.000000
18.480000	0.932488	0.361202	0.000000	0.932488	0.361201	0.000000
18.520000	0.946186	0.323623	0.000000	0.946186	0.323623	0.000000
18.560000	0.958371	0.285527	0.000000	0.958371	0.285527	0.000000
18.600000	0.969022	0.246974	0.000000	0.969022	0.246974	0.000000
18.640000	0.978123	0.208026	0.000000	0.978123	0.208026	0.000000
18.680000	0.985660	0.168745	0.000000	0.985660	0.168745	0.000000
18.720000	0.991619	0.129194	0.000000	0.991619	0.129194	0.000000
18.760000	0.995992	0.089437	0.000000	0.995993	0.089436	0.000000
18.800000	0.998772	0.049536	0.000000	0.998772	0.049536	0.000000
18.840000	0.999954	0.009556	0.000000	0.999954	0.009556	0.000000
18.880000	0.999537	-0.030439	0.000000	0.999537	-0.030439	0.000000
18.920000	0.997520	-0.070385	0.000000	0.997520	-0.070386	0.000000
18.960000	0.993907	-0.110219	0.000000	0.993907	-0.110220	0.000000
19.000000	0.988705	-0.149877	0.000000	0.988705	-0.149877	0.000000
19.040000	0.981920	-0.189295	0.000000	0.981920	-0.189295	0.000000
19.080000	0.973565	-0.228409	0.000000	0.973565	-0.228410	0.000000
19.120000	0.963652	-0.267159	0.000000	0.963652	-0.267159	0.000000
19.160000	0.952198	-0.305481	0.000000	0.952198	-0.305482	0.000000
19.200000	0.939220	-0.343315	0.000000	0.939220	-0.343315	0.000000
19.240000	0.924740	-0.380599	0.000000	0.924740	-0.380599	0.000000
19.280000	0.908781	-0.417274	0.000000	0.908781	-0.417274	0.000000
19.320000	0.891367	-0.453282	0.000000	0.891367	-0.453282	0.000000
19.360000	0.872528	-0.488564	0.000000	0.872528	-0.488565	0.000000
19.400000	0.852293	-0.523065	0.000000	0.852292	-0.523066	0.000000
19.440000	0.830694	-0.556730	0.000000	0.830694	-0.556730	0.000000
19.480000	0.807766	-0.589503	0.000000	0.807766	-0.589504	0.000000
19.520000	0.783546	-0.621334	0.000000	0.783546	-0.621334	0.000000
19.560000	0.758073	-0.652170	0.000000	0.758072	-0.652170	0.000000
19.600000	0.731386	-0.681963	0.000000	0.731386	-0.681964	0.000000
19.640000	0.703530	-0.710665	0.000000	0.703530	-0.710666	0.000000
19.680000	0.674548	-0.738231	0.000000	0.674548	-0.738231	0.000000
19.720000	0.644487	-0.764615	0.000000	0.644487	-0.764615	0.000000
19.760000	0.613395	-0.789776	0.000000	0.613395	-0.789776	0.000000
19.800000	0.581322	-0.813673	0.000000	0.581322	-0.813674	0.000000
19.840000	0.548319	-0.836269	0.000000	0.548319	-0.836270	0.000000
19.880000	0.514438	-0.857527	0.000000	0.514438	-0.857528	0.000000
19.920000	0.479735	-0.877413	0.000000	0.479735	-0.877414	0.000000
19.960000	0.444264	-0.895896	0.000000	0.444264	-0.895896	0.000000
