0.000000	0.000000	1.000000	0.000000	0.000000	1.000000	0.000000
0.040000	0.001599	1.039957	0.040000	0.001599	1.039957	0.040000
0.080000	0.006386	1.079659	0.080000	0.006386	1.079659	0.080000
0.120000	0.014331	1.118851	0.120000	0.014331	1.118851	0.120000
0.160000	0.025382	1.157283	0.160000	0.025382	1.157283	0.160000
0.200000	0.039469	1.194709	0.200000	0.039470	1.194709	0.200000
0.240000	0.056503	1.230890	0.240000	0.056503	1.230890	0.240000
0.280000	0.076372	1.265593	0.280000	0.076372	1.265593	0.280000
0.320000	0.098952	1.298598	0.320000	0.098952	1.298598	0.320000
0.360000	0.124097	1.329692	0.360000	0.124097	1.329692	0.360000
0.400000	0.151647	1.358678	0.400000	0.151647	1.358678	0.400000
0.440000	0.181424	1.385369	0.440000	0.181424	1.385369	0.440000
0.480000	0.213240	1.409596	0.480000	0.213240	1.409596	0.480000
0.520000	0.246890	1.431202	0.520000	0.246890	1.431202	0.520000
0.560000	0.282159	1.450050	0.560000	0.282159	1.450050	0.560000
0.600000	0.318821	1.466019	0.600000	0.318821	1.466020	0.600000
0.640000	0.356642	1.479008	0.640000	0.356642	1.479008	0.640000
0.680000	0.395380	1.488932	0.680000	0.395381	1.488932	0.680000
0.720000	0.434788	1.495729	0.720000	0.434788	1.495729	0.720000
0.760000	0.474612	1.499355	0.760000	0.474613	1.499355	0.760000
0.800000	0.514599	1.499787	0.800000	0.514600	1.499787	0.800000
0.840000	0.554493	1.497022	0.840000	0.554493	1.497022	0.840000
0.880000	0.594038	1.491077	0.880000	0.594038	1.491077	0.880000
0.920000	0.632982	1.481992	0.920000	0.632982	1.481991	0.920000
0.960000	0.671075	1.469823	0.960000	0.671075	1.469823	0.960000
1.000000	0.708073	1.454649	1.000000	0.708073	1.454649	1.000000
1.040000	0.743741	1.436567	1.040000	0.743741	1.436566	1.040000
1.080000	0.777849	1.415692	1.080000	0.777850	1.415692	1.080000
1.120000	0.810180	1.392158	1.120000	0.810181	1.392158	1.120000
1.160000	0.840528	1.366116	1.160000	0.840528	1.366116	1.160000
1.200000	0.868697	1.337732	1.200000	0.868697	1.337732	1.200000
1.240000	0.894507	1.307187	1.240000	0.894507	1.307187	1.240000
1.280000	0.917794	1.274678	1.280000	0.917794	1.274678	1.280000
1.320000	0.938409	1.240412	1.320000	0.938409	1.240411	1.320000
1.360000	0.956219	1.204607	1.360000	0.956219	1.204607	1.360000
1.400000	0.971111	1.167495	1.400000	0.971111	1.167494	1.400000
1.440000	0.982989	1.129310	1.440000	0.982990	1.129310	1.440000
1.480000	0.991779	1.090299	1.480000	0.991779	1.090298	1.480000
1.520000	0.997422	1.050710	1.520000	0.997422	1.050709	1.520000
1.560000	0.999883	1.010796	1.560000	0.999883	1.010795	1.560000
1.600000	0.999147	0.970813	1.600000	0.999147	0.970813	1.600000
1.640000	0.995219	0.931018	1.640000	0.995218	0.931017	1.640000
1.680000	0.988122	0.891663	1.680000	0.988122	0.891662	1.680000
1.720000	0.977903	0.853001	1.720000	0.977903	0.853001	1.720000
1.760000	0.964627	0.815280	1.760000	0.964627	0.815280	1.760000
1.800000	0.948379	0.778740	1.800000	0.948379	0.778740	1.800000
1.840000	0.929264	0.743616	1.840000	0.929263	0.743615	1.840000
1.880000	0.907402	0.710131	1.880000	0.907401	0.710131	1.880000
1.920000	0.882934	0.678501	1.920000	0.882934	0.678501	1.920000
1.960000	0.856017	0.648927	1.960000	0.856016	0.648927	1.960000
2.000000	0.826822	0.621599	2.000000	0.826822	0.621599	2.000000
2.040000	0.795537	0.596692	2.040000	0.795537	0.596691	2.040000
2.080000	0.762362	0.574364	2.080000	0.762361	0.574363	2.080000
2.120000	0.727508	0.554758	2.120000	0.727507	0.554758	2.120000
2.160000	0.691199	0.538001	2.160000	0.691198	0.538001	2.160000
2.200000	0.653667	0.524199	2.200000	0.653666	0.524199	2.200000
2.240000	0.615152	0.513441	2.240000	0.615151	0.513441	2.240000
2.280000	0.575901	0.505795	2.280000	0.575900	0.505794	2.280000
2.320000	0.536164	0.501310	2.320000	0.536163	0.501309	2.320000
2.360000	0.496195	0.500015	2.360000	0.496195	0.500014	2.360000
2.400000	0.456251	0.501918	2.400000	0.456251	0.501918	2.400000
2.440000	0.416587	0.507007	2.440000	0.416586	0.507007	2.440000
2.480000	0.377457	0.515249	2.480000	0.377456	0.515250	2.480000
2.520000	0.339110	0.526593	2.520000	0.339109	0.526593	2.520000
2.560000	0.301792	0.540964	2.560000	0.301791	0.540965	2.560000
2.600000	0.265742	0.558272	2.600000	0.265742	0.558273	2.600000
2.640000	0.231191	0.578406	2.640000	0.231190	0.578406	2.640000
2.680000	0.198359	0.601236	2.680000	0.198359	0.601236	2.680000
2.720000	0.167457	0.626617	2.720000	0.167456	0.626617	2.720000
2.760000	0.138682	0.654386	2.760000	0.138681	0.654387	2.760000
2.800000	0.112218	0.684366	2.800000	0.112217	0.684367	2.800000
2.840000	0.088234	0.716365	2.840000	0.088234	0.716366	2.840000
2.880000	0.066885	0.750178	2.880000	0.066884	0.750179	2.880000
2.920000	0.048305	0.785590	2.920000	0.048305	0.785590	2.920000
2.960000	0.032615	0.822372	2.960000	0.032615	0.822373	2.960000
3.000000	0.019915	0.860291	3.000000	0.019915	0.860292	3.000000
3.040000	0.010286	0.899104	3.040000	0.010286	0.899105	3.040000
3.080000	0.003789	0.938562	3.080000	0.003789	0.938563	3.080000
3.120000	0.000466	0.978413	3.120000	0.000466	0.978414	3.120000
3.160000	0.000339	1.018402	3.160000	0.000339	1.018403	3.160000
3.200000	0.003407	1.058274	3.200000	0.003408	1.058275	3.200000
3.240000	0.009653	1.097772	3.240000	0.009653	1.097773	3.240000
3.280000	0.019034	1.136645	3.280000	0.019035	1.136646	3.280000
3.320000	0.031493	1.174645	3.320000	0.031493	1.174646	3.320000
3.360000	0.046948	1.211527	3.360000	0.046948	1.211528	3.360000
3.400000	0.065301	1.247056	3.400000	0.065301	1.247057	3.400000
3.440000	0.086434	1.281004	3.440000	0.086435	1.281005	3.440000
3.480000	0.110213	1.313156	3.480000	0.110214	1.313157	3.480000
3.520000	0.136486	1.343304	3.520000	0.136487	1.343305	3.520000
3.560000	0.165083	1.371256	3.560000	0.165084	1.371257	3.560000
3.600000	0.195823	1.396833	3.600000	0.195824	1.396834	3.600000
3.640000	0.228509	1.419872	3.640000	0.228510	1.419873	3.640000
3.680000	0.262931	1.440225	3.680000	0.262932	1.440226	3.680000
3.720000	0.298870	1.457763	3.720000	0.298871	1.457763	3.720000
3.760000	0.336095	1.472372	3.760000	0.336096	1.472372	3.760000
3.800000	0.374369	1.483959	3.800000	0.374370	1.483960	3.800000
3.840000	0.413446	1.492451	3.840000	0.413447	1.492452	3.840000
3.880000	0.453077	1.497793	3.880000	0.453078	1.497793	3.880000
3.920000	0.493008	1.499951	3.920000	0.493009	1.499951	3.920000
3.960000	0.532984	1.498911	3.960000	0.532985	1.498911	3.960000
4.000000	0.572749	1.494679	4.000000	0.572750	1.494679	4.000000
4.040000	0.612048	1.487283	4.040000	0.612049	1.487283	4.040000
4.080000	0.650631	1.476771	4.080000	0.650632	1.476770	4.080000
4.120000	0.688250	1.463208	4.120000	0.688251	1.463208	4.120000
4.160000	0.724665	1.446683	4.160000	0.724666	1.446682	4.160000
4.200000	0.759643	1.427300	4.200000	0.759644	1.427299	4.200000
4.240000	0.792960	1.405184	4.240000	0.792961	1.405183	4.240000
4.280000	0.824403	1.380476	4.280000	0.824405	1.380476	4.280000
4.320000	0.853771	1.353335	4.320000	0.853773	1.353334	4.320000
4.360000	0.880877	1.323933	4.360000	0.880878	1.323932	4.360000
4.400000	0.905546	1.292460	4.400000	0.905547	1.292459	4.400000
4.440000	0.927620	1.259115	4.440000	0.927621	1.259114	4.440000
4.480000	0.946960	1.224113	4.480000	0.946961	1.224112	4.480000
4.520000	0.963440	1.187678	4.520000	0.963441	1.187677	4.520000
4.560000	0.976956	1.150042	4.560000	0.976957	1.150041	4.560000
4.600000	0.987421	1.111446	4.600000	0.987422	1.111445	4.600000
4.640000	0.994769	1.072138	4.640000	0.994769	1.072136	4.640000
4.680000	0.998951	1.032368	4.680000	0.998951	1.032366	4.680000
4.720000	0.999942	0.992391	4.720000	0.999942	0.992389	4.720000
4.760000	0.997735	0.952463	4.760000	0.997735	0.952461	4.760000
4.800000	0.992344	0.912838	4.800000	0.992344	0.912837	4.800000
4.840000	0.983804	0.873771	4.840000	0.983804	0.873770	4.840000
4.880000	0.972169	0.835512	4.880000	0.972169	0.835511	4.880000
4.920000	0.957514	0.798305	4.920000	0.957513	0.798303	4.920000
4.960000	0.939932	0.762388	4.960000	0.939932	0.762386	4.960000
5.000000	0.919537	0.727991	5.000000	0.919536	0.727989	5.000000
5.040000	0.896457	0.695334	5.040000	0.896456	0.695332	5.040000
5.080000	0.870842	0.664625	5.080000	0.870841	0.664624	5.080000
5.120000	0.842855	0.636062	5.120000	0.842853	0.636061	5.120000
5.160000	0.812674	0.609827	5.160000	0.812673	0.609826	5.160000
5.200000	0.780494	0.586088	5.200000	0.780492	0.586087	5.200000
5.240000	0.746519	0.564996	5.240000	0.746517	0.564995	5.240000
5.280000	0.710967	0.546687	5.280000	0.710966	0.546686	5.280000
5.320000	0.674066	0.531277	5.320000	0.674064	0.531277	5.320000
5.360000	0.636052	0.518866	5.360000	0.636050	0.518865	5.360000
5.400000	0.597167	0.509532	5.400000	0.597165	0.509532	5.400000
5.440000	0.557660	0.503336	5.440000	0.557659	0.503336	5.440000
5.480000	0.517785	0.500317	5.480000	0.517783	0.500316	5.480000
5.520000	0.477796	0.500493	5.520000	0.477794	0.500493	5.520000
5.560000	0.437949	0.503865	5.560000	0.437948	0.503865	5.560000
5.600000	0.398499	0.510411	5.600000	0.398498	0.510411	5.600000
5.640000	0.359699	0.520088	5.640000	0.359697	0.520089	5.640000
5.680000	0.321795	0.532835	5.680000	0.321794	0.532836	5.680000
5.720000	0.285032	0.548570	5.720000	0.285030	0.548571	5.720000
5.760000	0.249644	0.567193	5.760000	0.249642	0.567194	5.760000
5.800000	0.215857	0.588585	5.800000	0.215855	0.588586	5.800000
5.840000	0.183888	0.612608	5.840000	0.183886	0.612609	5.840000
5.880000	0.153940	0.639109	5.880000	0.153939	0.639110	5.880000
5.920000	0.126207	0.667918	5.920000	0.126205	0.667920	5.920000
5.960000	0.100864	0.698852	5.960000	0.100862	0.698853	5.960000
6.000000	0.078074	0.731712	6.000000	0.078073	0.731714	6.000000
6.040000	0.057984	0.766288	6.040000	0.057982	0.766290	6.040000
6.080000	0.040720	0.802359	6.080000	0.040719	0.802361	6.080000
6.120000	0.026395	0.839694	6.120000	0.026394	0.839696	6.120000
6.160000	0.015099	0.878055	6.160000	0.015098	0.878057	6.160000
6.200000	0.006904	0.917196	6.200000	0.006904	0.917198	6.200000
6.240000	0.001864	0.956866	6.240000	0.001864	0.956868	6.240000
6.280000	0.000010	0.996813	6.280000	0.000010	0.996815	6.280000
6.320000	0.001355	1.036779	6.320000	0.001355	1.036781	6.320000
6.360000	0.005889	1.076511	6.360000	0.005889	1.076513	6.360000
6.400000	0.013583	1.115753	6.400000	0.013584	1.115755	6.400000
6.440000	0.024389	1.154254	6.440000	0.024390	1.154257	6.440000
6.480000	0.038238	1.191769	6.480000	0.038238	1.191771	6.480000
6.520000	0.055040	1.228058	6.520000	0.055041	1.228060	6.520000
6.560000	0.074688	1.262887	6.560000	0.074689	1.262889	6.560000
6.600000	0.097057	1.296035	6.600000	0.097058	1.296037	6.600000
6.640000	0.122003	1.327289	6.640000	0.122004	1.327291	6.640000
6.680000	0.149367	1.356450	6.680000	0.149369	1.356452	6.680000
6.720000	0.178974	1.383331	6.720000	0.178976	1.383332	6.720000
6.760000	0.210635	1.407759	6.760000	0.210636	1.407761	6.760000
6.800000	0.244146	1.429580	6.800000	0.244148	1.429581	6.800000
6.840000	0.279294	1.448652	6.840000	0.279296	1.448653	6.840000
6.880000	0.315854	1.464855	6.880000	0.315856	1.464856	6.880000
6.920000	0.353592	1.478084	6.920000	0.353594	1.478085	6.920000
6.960000	0.392266	1.488255	6.960000	0.392268	1.488256	6.960000
7.000000	0.431629	1.495303	7.000000	0.431631	1.495304	7.000000
7.040000	0.471430	1.499183	7.040000	0.471432	1.499183	7.040000
7.080000	0.511413	1.499870	7.080000	0.511416	1.499870	7.080000
7.120000	0.551324	1.497359	7.120000	0.551326	1.497359	7.120000
7.160000	0.590906	1.491667	7.160000	0.590908	1.491666	7.160000
7.200000	0.629906	1.482829	7.200000	0.629909	1.482829	7.200000
7.240000	0.668076	1.470904	7.240000	0.668078	1.470903	7.240000
7.280000	0.705170	1.455966	7.280000	0.705173	1.455965	7.280000
7.320000	0.740953	1.438111	7.320000	0.740955	1.438110	7.320000
7.360000	0.775194	1.417455	7.360000	0.775196	1.417453	7.360000
7.400000	0.807674	1.394127	7.400000	0.807676	1.394126	7.400000
7.440000	0.838187	1.368279	7.440000	0.838189	1.368278	7.440000
7.480000	0.866536	1.340075	7.480000	0.866538	1.340074	7.480000
7.520000	0.892541	1.309696	7.520000	0.892542	1.309694	7.520000
7.560000	0.916034	1.277336	7.560000	0.916036	1.277334	7.560000
7.600000	0.936867	1.243202	7.600000	0.936868	1.243199	7.600000
7.640000	0.954905	1.207512	7.640000	0.954906	1.207509	7.640000
7.680000	0.970034	1.170494	7.680000	0.970035	1.170492	7.680000
7.720000	0.982155	1.132386	7.720000	0.982156	1.132384	7.720000
7.760000	0.991193	1.093432	7.760000	0.991193	1.093429	7.760000
7.800000	0.997088	1.053879	7.800000	0.997089	1.053877	7.800000
7.840000	0.999804	1.013982	7.840000	0.999805	1.013980	7.840000
7.880000	0.999323	0.973996	7.880000	0.999323	0.973993	7.880000
7.920000	0.995648	0.934176	7.920000	0.995648	0.934173	7.920000
7.960000	0.988803	0.894777	7.960000	0.988802	0.894774	7.960000
8.000000	0.978830	0.856051	8.000000	0.978830	0.856048	8.000000
8.040000	0.965795	0.818246	8.040000	0.965794	0.818243	8.040000
8.080000	0.949781	0.781603	8.080000	0.949780	0.781601	8.080000
8.120000	0.930889	0.746358	8.120000	0.930888	0.746355	8.120000
8.160000	0.909241	0.712735	8.160000	0.909240	0.712732	8.160000
8.200000	0.884976	0.680949	8.200000	0.884974	0.680947	8.200000
8.240000	0.858247	0.651204	8.240000	0.858246	0.651202	8.240000
8.280000	0.829228	0.623690	8.280000	0.829226	0.623688	8.280000
8.320000	0.798102	0.598584	8.320000	0.798100	0.598582	8.320000
8.360000	0.765070	0.576045	8.360000	0.765067	0.576043	8.360000
8.400000	0.730342	0.556218	8.400000	0.730339	0.556216	8.400000
8.440000	0.694140	0.539230	8.440000	0.694138	0.539228	8.440000
8.480000	0.656697	0.525189	8.480000	0.656694	0.525188	8.480000
8.520000	0.618252	0.514185	8.520000	0.618249	0.514184	8.520000
8.560000	0.579050	0.506289	8.560000	0.579047	0.506288	8.560000
8.600000	0.539342	0.501550	8.600000	0.539339	0.501550	8.600000
8.640000	0.499383	0.500001	8.640000	0.499380	0.500000	8.640000
8.680000	0.459427	0.501649	8.680000	0.459424	0.501649	8.680000
8.720000	0.419732	0.506485	8.720000	0.419729	0.506486	8.720000
8.760000	0.380549	0.514478	8.760000	0.380546	0.514479	8.760000
8.800000	0.342131	0.525577	8.800000	0.342128	0.525578	8.800000
8.840000	0.304723	0.539710	8.840000	0.304720	0.539711	8.840000
8.880000	0.268563	0.556788	8.880000	0.268560	0.556789	8.880000
8.920000	0.233884	0.576701	8.920000	0.233882	0.576702	8.920000
8.960000	0.200908	0.599321	8.960000	0.200905	0.599323	8.960000
9.000000	0.169844	0.624505	9.000000	0.169842	0.624506	9.000000
9.040000	0.140892	0.652090	9.040000	0.140890	0.652092	9.040000
9.080000	0.114238	0.681900	9.080000	0.114236	0.681903	9.080000
9.120000	0.090051	0.713746	9.120000	0.090049	0.713748	9.120000
9.160000	0.068486	0.747422	9.160000	0.068484	0.747425	9.160000
9.200000	0.049681	0.782714	9.200000	0.049680	0.782717	9.200000
9.240000	0.033757	0.819396	9.240000	0.033756	0.819399	9.240000
9.280000	0.020816	0.857234	9.280000	0.020815	0.857237	9.280000
9.320000	0.010939	0.895984	9.320000	0.010938	0.895987	9.320000
9.360000	0.004191	0.935400	9.360000	0.004190	0.935403	9.360000
9.400000	0.000614	0.975229	9.400000	0.000614	0.975232	9.400000
9.440000	0.000232	1.015216	9.440000	0.000232	1.015220	9.440000
9.480000	0.003046	1.055107	9.480000	0.003046	1.055110	9.480000
9.520000	0.009039	1.094644	9.520000	0.009040	1.094647	9.520000
9.560000	0.018173	1.133577	9.560000	0.018174	1.133580	9.560000
9.600000	0.030389	1.171654	9.600000	0.030390	1.171657	9.600000
9.640000	0.045609	1.208634	9.640000	0.045610	1.208637	9.640000
9.680000	0.063735	1.244279	9.680000	0.063736	1.244282	9.680000
9.720000	0.084652	1.278362	9.720000	0.084653	1.278365	9.720000
9.760000	0.108225	1.310664	9.760000	0.108227	1.310667	9.760000
9.800000	0.134305	1.340979	9.800000	0.134307	1.340982	9.800000
9.840000	0.162724	1.369113	9.840000	0.162726	1.369115	9.840000
9.880000	0.193300	1.394886	9.880000	0.193302	1.394888	9.880000
9.920000	0.225838	1.418133	9.920000	0.225841	1.418135	9.920000
9.960000	0.260130	1.438705	9.960000	0.260133	1.438707	9.960000
10.000000	0.295956	1.456471	10.000000	0.295959	1.456473	10.000000
10.040000	0.333087	1.471317	10.040000	0.333090	1.471319	10.040000
10.080000	0.371286	1.483149	10.080000	0.371290	1.483150	10.080000
10.120000	0.410309	1.491889	10.120000	0.410312	1.491890	10.120000
10.160000	0.449905	1.497484	10.160000	0.449908	1.497484	10.160000
10.200000	0.489821	1.499896	10.200000	0.489825	1.499896	10.200000
10.240000	0.529803	1.499111	10.240000	0.529806	1.499111	10.240000
10.280000	0.569594	1.495133	10.280000	0.569597	1.495133	10.280000
10.320000	0.608939	1.487988	10.320000	0.608943	1.487987	10.320000
10.360000	0.647588	1.477721	10.360000	0.647592	1.477720	10.360000
10.400000	0.685293	1.464399	10.400000	0.685297	1.464398	10.400000
10.440000	0.721813	1.448106	10.440000	0.721816	1.448104	10.440000
10.480000	0.756914	1.428946	10.480000	0.756917	1.428945	10.480000
10.520000	0.790371	1.407043	10.520000	0.790374	1.407042	10.520000
10.560000	0.821971	1.382537	10.560000	0.821974	1.382535	10.560000
10.600000	0.851512	1.355583	10.600000	0.851514	1.355581	10.600000
10.640000	0.878804	1.326355	10.640000	0.878806	1.326352	10.640000
10.680000	0.903673	1.295039	10.680000	0.903675	1.295036	10.680000
10.720000	0.925960	1.261836	10.720000	0.925962	1.261833	10.720000
10.760000	0.945522	1.226958	10.760000	0.945524	1.226955	10.760000
10.800000	0.962234	1.190629	10.800000	0.962236	1.190625	10.800000
10.840000	0.975990	1.153080	10.840000	0.975991	1.153076	10.840000
10.880000	0.986701	1.114551	10.880000	0.986702	1.114548	10.880000
10.920000	0.994299	1.075290	10.920000	0.994299	1.075287	10.920000
10.960000	0.998734	1.035548	10.960000	0.998735	1.035544	10.960000
11.000000	0.999980	0.995578	11.000000	0.999980	0.995574	11.000000
11.040000	0.998028	0.955636	11.040000	0.998028	0.955633	11.040000
11.080000	0.992890	0.915979	11.080000	0.992889	0.915975	11.080000
11.120000	0.984599	0.876858	11.120000	0.984598	0.876855	11.120000
11.160000	0.973208	0.838526	11.160000	0.973207	0.838522	11.160000
11.200000	0.958790	0.801226	11.200000	0.958789	0.801222	11.200000
11.240000	0.941438	0.765197	11.240000	0.941436	0.765194	11.240000
11.280000	0.921262	0.730671	11.280000	0.921260	0.730668	11.280000
11.320000	0.898391	0.697867	11.320000	0.898389	0.697864	11.320000
11.360000	0.872972	0.666996	11.360000	0.872970	0.666993	11.360000
11.400000	0.845168	0.638255	11.400000	0.845165	0.638253	11.400000
11.440000	0.815155	0.611829	11.440000	0.815152	0.611826	11.440000
11.480000	0.783126	0.587884	11.480000	0.783123	0.587882	11.480000
11.520000	0.749287	0.566577	11.520000	0.749284	0.566574	11.520000
11.560000	0.713853	0.548041	11.560000	0.713849	0.548039	11.560000
11.600000	0.677050	0.532397	11.600000	0.677047	0.532395	11.600000
11.640000	0.639116	0.519743	11.640000	0.639112	0.519742	11.640000
11.680000	0.600291	0.510162	11.680000	0.600288	0.510161	11.680000
11.720000	0.560825	0.503714	11.720000	0.560821	0.503713	11.720000
11.760000	0.520970	0.500440	11.760000	0.520966	0.500440	11.760000
11.800000	0.480981	0.500362	11.800000	0.480977	0.500362	11.800000
11.840000	0.441114	0.503480	11.840000	0.441109	0.503480	11.840000
11.880000	0.401623	0.509774	11.880000	0.401619	0.509774	11.880000
11.920000	0.362761	0.519204	11.920000	0.362757	0.519204	11.920000
11.960000	0.324777	0.531709	11.960000	0.324773	0.531710	11.960000
12.000000	0.287914	0.547209	12.000000	0.287910	0.547211	12.000000
12.040000	0.252408	0.565606	12.040000	0.252404	0.565608	12.040000
12.080000	0.218485	0.586782	12.080000	0.218482	0.586784	12.080000
12.120000	0.186364	0.610601	12.120000	0.186360	0.610603	12.120000
12.160000	0.156248	0.636910	12.160000	0.156245	0.636913	12.160000
12.200000	0.128331	0.665542	12.200000	0.128328	0.665545	12.200000
12.240000	0.102792	0.696314	12.240000	0.102789	0.696317	12.240000
12.280000	0.079793	0.729028	12.280000	0.079791	0.729031	12.280000
12.320000	0.059483	0.763475	12.320000	0.059480	0.763479	12.320000
12.360000	0.041990	0.799435	12.360000	0.041988	0.799439	12.360000
12.400000	0.027426	0.836679	12.400000	0.027425	0.836682	12.400000
12.440000	0.015886	0.874966	12.440000	0.015885	0.874970	12.440000
12.480000	0.007442	0.914054	12.480000	0.007441	0.914058	12.480000
12.520000	0.002149	0.953692	12.520000	0.002149	0.953696	12.520000
12.560000	0.000041	0.993625	12.560000	0.000041	0.993630	12.560000
12.600000	0.001131	1.033600	12.600000	0.001131	1.033604	12.600000
12.640000	0.005411	1.073359	12.640000	0.005411	1.073364	12.640000
12.680000	0.012855	1.112650	12.680000	0.012856	1.112654	12.680000
12.720000	0.023416	1.151219	12.720000	0.023417	1.151223	12.720000
12.760000	0.037025	1.188822	12.760000	0.037026	1.188826	12.760000
12.800000	0.053595	1.225216	12.800000	0.053597	1.225220	12.800000
12.840000	0.073021	1.260170	12.840000	0.073023	1.260174	12.840000
12.880000	0.095178	1.293460	12.880000	0.095180	1.293464	12.880000
12.920000	0.119924	1.324873	12.920000	0.119927	1.324876	12.920000
12.960000	0.147102	1.354207	12.960000	0.147105	1.354211	12.960000
13.000000	0.176537	1.381276	13.000000	0.176540	1.381279	13.000000
13.040000	0.208041	1.405906	13.040000	0.208045	1.405909	13.040000
13.080000	0.241413	1.427940	13.080000	0.241417	1.427942	13.080000
13.120000	0.276439	1.447236	13.120000	0.276442	1.447238	13.120000
13.160000	0.312894	1.463671	13.160000	0.312898	1.463673	13.160000
13.200000	0.350547	1.477141	13.200000	0.350551	1.477143	13.200000
13.240000	0.389155	1.487558	13.240000	0.389160	1.487560	13.240000
13.280000	0.428473	1.494857	13.280000	0.428477	1.494858	13.280000
13.320000	0.468248	1.498990	13.320000	0.468253	1.498991	13.320000
13.360000	0.508226	1.499932	13.360000	0.508231	1.499932	13.360000
13.400000	0.548152	1.497676	13.400000	0.548156	1.497676	13.400000
13.440000	0.587769	1.492236	13.440000	0.587774	1.492235	13.440000
13.480000	0.626826	1.483648	13.480000	0.626830	1.483647	13.480000
13.520000	0.665071	1.471965	13.520000	0.665075	1.471964	13.520000
13.560000	0.702260	1.457264	13.560000	0.702264	1.457263	13.560000
13.600000	0.738155	1.439638	13.600000	0.738159	1.439637	13.600000
13.640000	0.772527	1.419200	13.640000	0.772531	1.419198	13.640000
13.680000	0.805155	1.396081	13.680000	0.805159	1.396078	13.680000
13.720000	0.835832	1.370428	13.720000	0.835836	1.370425	13.720000
13.760000	0.864360	1.342405	13.760000	0.864364	1.342402	13.760000
13.800000	0.890558	1.312192	13.800000	0.890562	1.312189	13.800000
13.840000	0.914258	1.279982	13.840000	0.914261	1.279978	13.840000
13.880000	0.935308	1.245981	13.880000	0.935310	1.245978	13.880000
13.920000	0.953573	1.210407	13.920000	0.953575	1.210403	13.920000
13.960000	0.968937	1.173487	13.960000	0.968939	1.173483	13.960000
14.000000	0.981301	1.135457	14.000000	0.981303	1.135453	14.000000
14.040000	0.990587	1.096561	14.040000	0.990588	1.096556	14.040000
14.080000	0.996735	1.057047	14.080000	0.996735	1.057042	14.080000
14.120000	0.999705	1.017168	14.120000	0.999705	1.017164	14.120000
14.160000	0.999479	0.977180	14.160000	0.999479	0.977175	14.160000
14.200000	0.996057	0.937337	14.200000	0.996057	0.937332	14.200000
14.240000	0.989463	0.897895	14.240000	0.989463	0.897890	14.240000
14.280000	0.979738	0.859106	14.280000	0.979737	0.859102	14.280000
14.320000	0.966944	0.821219	14.320000	0.966943	0.821214	14.320000
14.360000	0.951164	0.784475	14.360000	0.951162	0.784470	14.360000
14.400000	0.932497	0.749110	14.400000	0.932495	0.749105	14.400000
14.440000	0.911064	0.715349	14.440000	0.911062	0.715345	14.440000
14.480000	0.887002	0.683410	14.480000	0.886999	0.683406	14.480000
14.520000	0.860464	0.653495	14.520000	0.860460	0.653491	14.520000
14.560000	0.831620	0.625797	14.560000	0.831616	0.625793	14.560000
14.600000	0.800655	0.600493	14.600000	0.800651	0.600489	14.600000
14.640000	0.767767	0.577744	14.640000	0.767763	0.577741	14.640000
14.680000	0.733166	0.557696	14.680000	0.733162	0.557693	14.680000
14.720000	0.697074	0.540477	14.720000	0.697069	0.540474	14.720000
14.760000	0.659721	0.526197	14.760000	0.659716	0.526195	14.760000
14.800000	0.621346	0.514949	14.800000	0.621341	0.514947	14.800000
14.840000	0.582195	0.506803	14.840000	0.582190	0.506802	14.840000
14.880000	0.542519	0.501811	14.880000	0.542514	0.501811	14.880000
14.920000	0.502570	0.500007	14.920000	0.502565	0.500007	14.920000
14.960000	0.462605	0.501401	14.960000	0.462600	0.501401	14.960000
15.000000	0.422879	0.505984	15.000000	0.422874	0.505984	15.000000
15.040000	0.383647	0.513727	15.040000	0.383642	0.513728	15.040000
15.080000	0.345159	0.524580	15.080000	0.345154	0.524582	15.080000
15.120000	0.307661	0.538475	15.120000	0.307656	0.538477	15.120000
15.160000	0.271393	0.555322	15.160000	0.271389	0.555324	15.160000
15.200000	0.236588	0.575013	15.200000	0.236584	0.575015	15.200000
15.240000	0.203468	0.597423	15.240000	0.203464	0.597426	15.240000
15.280000	0.172245	0.622408	15.280000	0.172240	0.622411	15.280000
15.320000	0.143118	0.649808	15.320000	0.143114	0.649811	15.320000
15.360000	0.116274	0.679448	15.360000	0.116270	0.679452	15.360000
15.400000	0.091884	0.711138	15.400000	0.091881	0.711142	15.400000
15.440000	0.070105	0.744677	15.440000	0.070102	0.744681	15.440000
15.480000	0.051076	0.779848	15.480000	0.051073	0.779853	15.480000
15.520000	0.034918	0.816428	15.520000	0.034916	0.816433	15.520000
15.560000	0.021736	0.854182	15.560000	0.021734	0.854187	15.560000
15.600000	0.011612	0.892869	15.600000	0.011611	0.892874	15.600000
15.640000	0.004613	0.932241	15.640000	0.004612	0.932246	15.640000
15.680000	0.000782	0.972046	15.680000	0.000782	0.972051	15.680000
15.720000	0.000145	1.012030	15.720000	0.000145	1.012036	15.720000
15.760000	0.002705	1.051937	15.760000	0.002705	1.051943	15.760000
15.800000	0.008446	1.091513	15.800000	0.008447	1.091518	15.800000
15.840000	0.017332	1.130502	15.840000	0.017333	1.130507	15.840000
15.880000	0.029304	1.168657	15.880000	0.029306	1.168662	15.880000
15.920000	0.044288	1.205733	15.920000	0.044290	1.205738	15.920000
15.960000	0.062187	1.241493	15.960000	0.062189	1.241498	15.960000
16.000000	0.082886	1.275709	16.000000	0.082888	1.275713	16.000000
16.040000	0.106253	1.308160	16.040000	0.106256	1.308165	16.040000
16.080000	0.132139	1.338641	16.080000	0.132142	1.338645	16.080000
16.120000	0.160378	1.366955	16.120000	0.160381	1.366959	16.120000
16.160000	0.190789	1.392923	16.160000	0.190793	1.392926	16.160000
16.200000	0.223178	1.416376	16.200000	0.223183	1.416380	16.200000
16.240000	0.257338	1.437167	16.240000	0.257343	1.437170	16.240000
16.280000	0.293050	1.455161	16.280000	0.293055	1.455164	16.280000
16.320000	0.330086	1.470243	16.320000	0.330091	1.470246	16.320000
16.360000	0.368209	1.482318	16.360000	0.368214	1.482320	16.360000
16.400000	0.407175	1.491308	16.400000	0.407180	1.491309	16.400000
16.440000	0.446734	1.497154	16.440000	0.446740	1.497155	16.440000
16.480000	0.486635	1.499821	16.480000	0.486640	1.499821	16.480000
16.520000	0.526620	1.499290	16.520000	0.526626	1.499291	16.520000
16.560000	0.566436	1.495566	16.560000	0.566441	1.495566	16.560000
16.600000	0.605826	1.488672	16.600000	0.605832	1.488671	16.600000
16.640000	0.644540	1.478652	16.640000	0.644545	1.478651	16.640000
16.680000	0.682329	1.465570	16.680000	0.682334	1.465569	16.680000
16.720000	0.718952	1.449511	16.720000	0.718957	1.449508	16.720000
16.760000	0.754174	1.430575	16.760000	0.754179	1.430573	16.760000
16.800000	0.787770	1.408886	16.800000	0.787775	1.408883	16.800000
16.840000	0.819526	1.384581	16.840000	0.819531	1.384578	16.840000
16.880000	0.849238	1.357816	16.880000	0.849242	1.357813	16.880000
16.920000	0.876716	1.328763	16.920000	0.876720	1.328759	16.920000
16.960000	0.901784	1.297606	16.960000	0.901787	1.297602	16.960000
17.000000	0.924282	1.264546	17.000000	0.924285	1.264541	17.000000
17.040000	0.944066	1.229794	17.040000	0.944069	1.229789	17.040000
17.080000	0.961010	1.193571	17.080000	0.961012	1.193566	17.080000
17.120000	0.975004	1.156111	17.120000	0.975006	1.156105	17.120000
17.160000	0.985961	1.117652	17.160000	0.985962	1.117646	17.160000
17.200000	0.993808	1.078440	17.200000	0.993810	1.078434	17.200000
17.240000	0.998498	1.038727	17.240000	0.998498	1.038721	17.240000
17.280000	0.999998	0.998765	17.280000	0.999998	0.998760	17.280000
17.320000	0.998300	0.958812	17.320000	0.998300	0.958806	17.320000
17.360000	0.993415	0.919122	17.360000	0.993415	0.919117	17.360000
17.400000	0.985374	0.879950	17.400000	0.985373	0.879944	17.400000
17.440000	0.974228	0.841546	17.440000	0.974226	0.841540	17.440000
17.480000	0.960048	0.804155	17.480000	0.960046	0.804149	17.480000
17.520000	0.942926	0.768016	17.520000	0.942923	0.768011	17.520000
17.560000	0.922970	0.733362	17.560000	0.922967	0.733357	17.560000
17.600000	0.900309	0.700413	17.600000	0.900306	0.700408	17.600000
17.640000	0.875087	0.669381	17.640000	0.875084	0.669376	17.640000
17.680000	0.847467	0.640463	17.680000	0.847462	0.640459	17.680000
17.720000	0.817623	0.613846	17.720000	0.817619	0.613841	17.720000
17.760000	0.785748	0.589698	17.760000	0.785743	0.589694	17.760000
17.800000	0.752045	0.568175	17.800000	0.752040	0.568171	17.800000
17.840000	0.716729	0.549414	17.840000	0.716724	0.549411	17.840000
17.880000	0.680028	0.533535	17.880000	0.680022	0.533532	17.880000
17.920000	0.642175	0.520640	17.920000	0.642169	0.520638	17.920000
17.960000	0.603412	0.510811	17.960000	0.603406	0.510810	17.960000
18.000000	0.563988	0.504112	18.000000	0.563982	0.504111	18.000000
18.040000	0.524154	0.500584	18.040000	0.524148	0.500583	18.040000
18.080000	0.484167	0.500251	18.080000	0.484160	0.500251	18.080000
18.120000	0.444280	0.503115	18.120000	0.444274	0.503115	18.120000
18.160000	0.404750	0.509157	18.160000	0.404744	0.509158	18.160000
18.200000	0.365829	0.518339	18.200000	0.365823	0.518340	18.200000
18.240000	0.327766	0.530601	18.240000	0.327760	0.530603	18.240000
18.280000	0.290805	0.545867	18.280000	0.290799	0.545869	18.280000
18.320000	0.255182	0.564037	18.320000	0.255177	0.564040	18.320000
18.360000	0.221125	0.584996	18.360000	0.221120	0.584999	18.360000
18.400000	0.188852	0.608609	18.400000	0.188847	0.608613	18.400000
18.440000	0.158570	0.634726	18.440000	0.158565	0.634730	18.440000
18.480000	0.130471	0.663180	18.480000	0.130466	0.663184	18.480000
18.520000	0.104736	0.693788	18.520000	0.104732	0.693793	18.520000
18.560000	0.081529	0.726355	18.560000	0.081525	0.726360	18.560000
18.600000	0.060999	0.760672	18.600000	0.060996	0.760677	18.600000
18.640000	0.043278	0.796520	18.640000	0.043275	0.796525	18.640000
18.680000	0.028477	0.833669	18.680000	0.028475	0.833675	18.680000
18.720000	0.016693	0.871883	18.720000	0.016691	0.871889	18.720000
18.760000	0.008000	0.910916	18.760000	0.007999	0.910922	18.760000
18.800000	0.002455	0.950519	18.800000	0.002454	0.950525	18.800000
18.840000	0.000092	0.990438	18.840000	0.000091	0.990445	18.840000
18.880000	0.000927	1.030419	18.880000	0.000927	1.030425	18.880000
18.920000	0.004954	1.070205	18.920000	0.004954	1.070211	18.920000
18.960000	0.012147	1.109542	18.960000	0.012148	1.109548	18.960000
19.000000	0.022462	1.148178	19.000000	0.022463	1.148184	19.000000
19.040000	0.035831	1.185866	19.040000	0.035833	1.185873	19.040000
19.080000	0.052169	1.222366	19.080000	0.052171	1.222372	19.080000
19.120000	0.071371	1.257443	19.120000	0.071374	1.257449	19.120000
19.160000	0.093316	1.290873	19.160000	0.093319	1.290879	19.160000
19.200000	0.117861	1.322443	19.200000	0.117865	1.322448	19.200000
19.240000	0.144851	1.351950	19.240000	0.144856	1.351955	19.240000
19.280000	0.174113	1.379206	19.280000	0.174118	1.379211	19.280000
19.320000	0.205460	1.404037	19.320000	0.205465	1.404041	19.320000
19.360000	0.238690	1.426282	19.360000	0.238696	1.426286	19.360000
19.400000	0.273592	1.445802	19.400000	0.273598	1.445805	19.400000
19.440000	0.309942	1.462469	19.440000	0.309948	1.462472	19.440000
19.480000	0.347508	1.476178	19.480000	0.347514	1.476181	19.480000
19.520000	0.386050	1.486842	19.520000	0.386056	1.486844	19.520000
19.560000	0.425320	1.494391	19.560000	0.425326	1.494392	19.560000
19.600000	0.465068	1.498778	19.600000	0.465074	1.498779	19.600000
19.640000	0.505039	1.499974	19.640000	0.505046	1.499975	19.640000
19.680000	0.544978	1.497972	19.680000	0.544985	1.497972	19.680000
19.720000	0.584630	1.492785	19.720000	0.584636	1.492785	19.720000
19.760000	0.623740	1.484446	19.760000	0.623746	1.484445	19.760000
19.800000	0.662058	1.473008	19.800000	0.662065	1.473006	19.800000
19.840000	0.699340	1.458544	19.840000	0.699347	1.458542	19.840000
19.880000	0.735347	1.441148	19.880000	0.735353	1.441145	19.880000
19.920000	0.769849	1.420929	19.920000	0.769855	1.420926	19.920000
19.960000	0.802624	1.398018	19.960000	0.802630	1.398014	19.960000
