0.000000	0.000000	1.000000	1.000000	0.000000	1.000000	1.000000
0.040000	0.079915	0.996802	1.000000	0.079915	0.996802	1.000000
0.080000	0.159318	0.987227	1.000000	0.159318	0.987227	1.000000
0.120000	0.237703	0.971338	1.000000	0.237703	0.971338	1.000000
0.160000	0.314566	0.949235	1.000000	0.314567	0.949235	1.000000
0.200000	0.389418	0.921061	1.000000	0.389418	0.921061	1.000000
0.240000	0.461779	0.886995	1.000000	0.461779	0.886995	1.000000
0.280000	0.531186	0.847255	1.000000	0.531186	0.847255	1.000000
0.320000	0.597195	0.802096	1.000000	0.597195	0.802096	1.000000
0.360000	0.659384	0.751806	1.000000	0.659385	0.751806	1.000000
0.400000	0.717356	0.696707	1.000000	0.717356	0.696707	1.000000
0.440000	0.770739	0.637151	1.000000	0.770739	0.637151	1.000000
0.480000	0.819191	0.573520	1.000000	0.819192	0.573520	1.000000
0.520000	0.862404	0.506221	1.000000	0.862404	0.506220	1.000000
0.560000	0.900100	0.435683	1.000000	0.900100	0.435682	1.000000
0.600000	0.932039	0.362358	1.000000	0.932039	0.362358	1.000000
0.640000	0.958016	0.286716	1.000000	0.958016	0.286715	1.000000
0.680000	0.977864	0.209239	1.000000	0.977865	0.209239	1.000000
0.720000	0.991458	0.130424	1.000000	0.991458	0.130424	1.000000
0.760000	0.998710	0.050775	1.000000	0.998710	0.050774	1.000000
0.800000	0.999574	-0.029199	1.000000	0.999574	-0.029200	1.000000
0.840000	0.994043	-0.108986	1.000000	0.994043	-0.108987	1.000000
0.880000	0.982154	-0.188076	1.000000	0.982154	-0.188077	1.000000
0.920000	0.963983	-0.265963	1.000000	0.963983	-0.265964	1.000000
0.960000	0.939646	-0.342149	1.000000	0.939645	-0.342150	1.000000
1.000000	0.909298	-0.416146	1.000000	0.909297	-0.416147	1.000000
1.040000	0.873133	-0.487481	1.000000	0.873133	-0.487482	1.000000
1.080000	0.831384	-0.555699	1.000000	0.831383	-0.555699	1.000000
1.120000	0.784316	-0.620361	1.000000	0.784316	-0.620362	1.000000
1.160000	0.732232	-0.681055	1.000000	0.732231	-0.681056	1.000000
1.200000	0.675464	-0.737393	1.000000	0.675463	-0.737394	1.000000
1.240000	0.614375	-0.789014	1.000000	0.614374	-0.789015	1.000000
1.280000	0.549356	-0.835588	1.000000	0.549355	-0.835589	1.000000
1.320000	0.480823	-0.876817	1.000000	0.480823	-0.876818	1.000000
1.360000	0.409215	-0.912438	1.000000	0.409214	-0.912438	1.000000
1.400000	0.334989	-0.942222	1.000000	0.334988	-0.942222	1.000000
1.440000	0.258620	-0.965979	1.000000	0.258619	-0.965979	1.000000
1.480000	0.180597	-0.983557	1.000000	0.180596	-0.983557	1.000000
1.520000	0.101419	-0.994844	1.000000	0.101418	-0.994844	1.000000
1.560000	0.021592	-0.999767	1.000000	0.021591	-0.999767	1.000000
1.600000	-0.058373	-0.998295	1.000000	-0.058374	-0.998295	1.000000
1.640000	-0.137965	-0.990437	1.000000	-0.137966	-0.990437	1.000000
1.680000	-0.216674	-0.976244	1.000000	-0.216675	-0.976244	1.000000
1.720000	-0.293997	-0.955806	1.000000	-0.293998	-0.955806	1.000000
1.760000	-0.369440	-0.929255	1.000000	-0.369441	-0.929254	1.000000
1.800000	-0.442519	-0.896759	1.000000	-0.442520	-0.896758	1.000000
1.840000	-0.512768	-0.858527	1.000000	-0.512769	-0.858526	1.000000
1.880000	-0.579737	-0.814803	1.000000	-0.579738	-0.814803	1.000000
1.920000	-0.642998	-0.765868	1.000000	-0.642999	-0.765867	1.000000
1.960000	-0.702145	-0.712034	1.000000	-0.702146	-0.712033	1.000000
2.000000	-0.756802	-0.653645	1.000000	-0.756802	-0.653644	1.000000
2.040000	-0.806617	-0.591075	1.000000	-0.806618	-0.591073	1.000000
2.080000	-0.851273	-0.524724	1.000000	-0.851273	-0.524722	1.000000
2.120000	-0.890483	-0.455016	1.000000	-0.890484	-0.455015	1.000000
2.160000	-0.923998	-0.382398	1.000000	-0.923998	-0.382397	1.000000
2.200000	-0.951602	-0.307334	1.000000	-0.951602	-0.307333	1.000000
2.240000	-0.973119	-0.230304	1.000000	-0.973119	-0.230303	1.000000
2.280000	-0.988411	-0.151801	1.000000	-0.988411	-0.151800	1.000000
2.320000	-0.997381	-0.072327	1.000000	-0.997381	-0.072326	1.000000
2.360000	-0.999971	0.007609	1.000000	-0.999971	0.007611	1.000000
2.400000	-0.996165	0.087497	1.000000	-0.996165	0.087499	1.000000
2.440000	-0.985986	0.166826	1.000000	-0.985986	0.166827	1.000000
2.480000	-0.969501	0.245087	1.000000	-0.969501	0.245089	1.000000
2.520000	-0.946814	0.321780	1.000000	-0.946814	0.321782	1.000000
2.560000	-0.918071	0.396416	1.000000	-0.918070	0.396417	1.000000
2.600000	-0.883455	0.468515	1.000000	-0.883455	0.468517	1.000000
2.640000	-0.843189	0.537618	1.000000	-0.843188	0.537619	1.000000
2.680000	-0.797528	0.603281	1.000000	-0.797527	0.603283	1.000000
2.720000	-0.746767	0.665086	1.000000	-0.746765	0.665088	1.000000
2.760000	-0.691228	0.722637	1.000000	-0.691227	0.722638	1.000000
2.800000	-0.631268	0.775565	1.000000	-0.631267	0.775566	1.000000
2.840000	-0.567270	0.823532	1.000000	-0.567269	0.823533	1.000000
2.880000	-0.499644	0.866231	1.000000	-0.499642	0.866232	1.000000
2.920000	-0.428821	0.903389	1.000000	-0.428819	0.903390	1.000000
2.960000	-0.355255	0.934769	1.000000	-0.355254	0.934770	1.000000
3.000000	-0.279417	0.960170	1.000000	-0.279415	0.960170	1.000000
3.040000	-0.201792	0.979428	1.000000	-0.201790	0.979429	1.000000
3.080000	-0.122876	0.992422	1.000000	-0.122874	0.992422	1.000000
3.120000	-0.043174	0.999067	1.000000	-0.043172	0.999068	1.000000
3.160000	0.036804	0.999322	1.000000	0.036806	0.999322	1.000000
3.200000	0.116547	0.993185	1.000000	0.116549	0.993185	1.000000
3.240000	0.195544	0.980695	1.000000	0.195547	0.980694	1.000000
3.280000	0.273291	0.961931	1.000000	0.273293	0.961931	1.000000
3.320000	0.349289	0.937015	1.000000	0.349291	0.937014	1.000000
3.360000	0.423053	0.906105	1.000000	0.423055	0.906104	1.000000
3.400000	0.494111	0.869399	1.000000	0.494113	0.869397	1.000000
3.440000	0.562009	0.827131	1.000000	0.562011	0.827130	1.000000
3.480000	0.626311	0.779573	1.000000	0.626313	0.779572	1.000000
3.520000	0.686607	0.727028	1.000000	0.686609	0.727027	1.000000
3.560000	0.742512	0.669833	1.000000	0.742513	0.669831	1.000000
3.600000	0.793666	0.608353	1.000000	0.793668	0.608351	1.000000
3.640000	0.839744	0.542982	1.000000	0.839746	0.542980	1.000000
3.680000	0.880451	0.474137	1.000000	0.880452	0.474135	1.000000
3.720000	0.915525	0.402260	1.000000	0.915526	0.402258	1.000000
3.760000	0.944744	0.327810	1.000000	0.944745	0.327807	1.000000
3.800000	0.967919	0.251262	1.000000	0.967920	0.251260	1.000000
3.840000	0.984903	0.173108	1.000000	0.984903	0.173105	1.000000
3.880000	0.995587	0.093846	1.000000	0.995587	0.093843	1.000000
3.920000	0.999902	0.013984	1.000000	0.999902	0.013981	1.000000
3.960000	0.997822	-0.065968	1.000000	0.997822	-0.065970	1.000000
4.000000	0.989358	-0.145497	1.000000	0.989358	-0.145500	1.000000
4.040000	0.974567	-0.224096	1.000000	0.974566	-0.224099	1.000000
4.080000	0.953541	-0.301262	1.000000	0.953541	-0.301264	1.000000
4.120000	0.926416	-0.376500	1.000000	0.926415	-0.376503	1.000000
4.160000	0.893366	-0.449330	1.000000	0.893364	-0.449333	1.000000
4.200000	0.854600	-0.519286	1.000000	0.854599	-0.519289	1.000000
4.240000	0.810368	-0.585920	1.000000	0.810367	-0.585923	1.000000
4.280000	0.760953	-0.648807	1.000000	0.760951	-0.648809	1.000000
4.320000	0.706670	-0.707543	1.000000	0.706668	-0.707545	1.000000
4.360000	0.647867	-0.761753	1.000000	0.647865	-0.761755	1.000000
4.400000	0.584920	-0.811091	1.000000	0.584917	-0.811093	1.000000
4.440000	0.518231	-0.855241	1.000000	0.518228	-0.855242	1.000000
4.480000	0.448227	-0.893920	1.000000	0.448224	-0.893921	1.000000
4.520000	0.375356	-0.926880	1.000000	0.375353	-0.926882	1.000000
4.560000	0.300084	-0.953912	1.000000	0.300081	-0.953914	1.000000
4.600000	0.222893	-0.974843	1.000000	0.222890	-0.974844	1.000000
4.640000	0.144276	-0.989537	1.000000	0.144273	-0.989538	1.000000
4.680000	0.064736	-0.997902	1.000000	0.064733	-0.997903	1.000000
4.720000	-0.015218	-0.999884	1.000000	-0.015221	-0.999884	1.000000
4.760000	-0.095075	-0.995470	1.000000	-0.095078	-0.995470	1.000000
4.800000	-0.174324	-0.984688	1.000000	-0.174327	-0.984688	1.000000
4.840000	-0.252457	-0.967608	1.000000	-0.252460	-0.967607	1.000000
4.880000	-0.328976	-0.944338	1.000000	-0.328979	-0.944337	1.000000
4.920000	-0.403390	-0.915028	1.000000	-0.403393	-0.915027	1.000000
4.960000	-0.475224	-0.879865	1.000000	-0.475227	-0.879863	1.000000
5.000000	-0.544018	-0.839073	1.000000	-0.544021	-0.839072	1.000000
5.040000	-0.609332	-0.792915	1.000000	-0.609335	-0.792913	1.000000
5.080000	-0.670749	-0.741684	1.000000	-0.670752	-0.741682	1.000000
5.120000	-0.727875	-0.685709	1.000000	-0.727878	-0.685707	1.000000
5.160000	-0.780346	-0.625348	1.000000	-0.780348	-0.625346	1.000000
5.200000	-0.827824	-0.560987	1.000000	-0.827826	-0.560984	1.000000
5.240000	-0.870008	-0.493038	1.000000	-0.870010	-0.493035	1.000000
5.280000	-0.906626	-0.421934	1.000000	-0.906628	-0.421931	1.000000
5.320000	-0.937445	-0.348132	1.000000	-0.937447	-0.348129	1.000000
5.360000	-0.962268	-0.272103	1.000000	-0.962269	-0.272100	1.000000
5.400000	-0.980935	-0.194333	1.000000	-0.980936	-0.194330	1.000000
5.440000	-0.993328	-0.115321	1.000000	-0.993329	-0.115317	1.000000
5.480000	-0.999367	-0.035571	1.000000	-0.999367	-0.035567	1.000000
5.520000	-0.999013	0.044407	1.000000	-0.999013	0.044411	1.000000
5.560000	-0.992269	0.124101	1.000000	-0.992269	0.124105	1.000000
5.600000	-0.979178	0.203001	1.000000	-0.979178	0.203005	1.000000
5.640000	-0.959824	0.280603	1.000000	-0.959823	0.280606	1.000000
5.680000	-0.934330	0.356409	1.000000	-0.934329	0.356413	1.000000
5.720000	-0.902859	0.429936	1.000000	-0.902858	0.429939	1.000000
5.760000	-0.865613	0.500712	1.000000	-0.865612	0.500716	1.000000
5.800000	-0.822831	0.568286	1.000000	-0.822829	0.568290	1.000000
5.840000	-0.774785	0.632225	1.000000	-0.774782	0.632228	1.000000
5.880000	-0.721783	0.692120	1.000000	-0.721780	0.692123	1.000000
5.920000	-0.664164	0.747587	1.000000	-0.664161	0.747590	1.000000
5.960000	-0.602296	0.798272	1.000000	-0.602293	0.798275	1.000000
6.000000	-0.536576	0.843852	1.000000	-0.536573	0.843854	1.000000
6.040000	-0.467424	0.884033	1.000000	-0.467420	0.884035	1.000000
6.080000	-0.395282	0.918560	1.000000	-0.395278	0.918561	1.000000
6.120000	-0.320611	0.947211	1.000000	-0.320607	0.947212	1.000000
6.160000	-0.243890	0.969803	1.000000	-0.243886	0.969804	1.000000
6.200000	-0.165608	0.986191	1.000000	-0.165604	0.986192	1.000000
6.240000	-0.086267	0.996272	1.000000	-0.086263	0.996272	1.000000
6.280000	-0.006375	0.999979	1.000000	-0.006371	0.999980	1.000000
6.320000	0.073559	0.997291	1.000000	0.073563	0.997291	1.000000
6.360000	0.153021	0.988223	1.000000	0.153026	0.988222	1.000000
6.400000	0.231506	0.972833	1.000000	0.231510	0.972833	1.000000
6.440000	0.308509	0.951221	1.000000	0.308513	0.951220	1.000000
6.480000	0.383539	0.923525	1.000000	0.383543	0.923523	1.000000
6.520000	0.456115	0.889920	1.000000	0.456119	0.889919	1.000000
6.560000	0.525774	0.850624	1.000000	0.525778	0.850622	1.000000
6.600000	0.592070	0.805886	1.000000	0.592074	0.805884	1.000000
6.640000	0.654578	0.755994	1.000000	0.654582	0.755991	1.000000
6.680000	0.712900	0.701266	1.000000	0.712903	0.701263	1.000000
6.720000	0.766661	0.642052	1.000000	0.766664	0.642048	1.000000
6.760000	0.815518	0.578731	1.000000	0.815521	0.578727	1.000000
6.800000	0.859159	0.511708	1.000000	0.859162	0.511704	1.000000
6.840000	0.897304	0.441412	1.000000	0.897307	0.441408	1.000000
6.880000	0.929710	0.368292	1.000000	0.929712	0.368288	1.000000
6.920000	0.956168	0.292817	1.000000	0.956170	0.292812	1.000000
6.960000	0.976510	0.215469	1.000000	0.976512	0.215464	1.000000
7.000000	0.990606	0.136742	1.000000	0.990607	0.136737	1.000000
7.040000	0.998366	0.057141	1.000000	0.998366	0.057136	1.000000
7.080000	0.999739	-0.022826	1.000000	0.999739	-0.022831	1.000000
7.120000	0.994718	-0.102647	1.000000	0.994717	-0.102652	1.000000
7.160000	0.983333	-0.181811	1.000000	0.983333	-0.181816	1.000000
7.200000	0.965659	-0.259813	1.000000	0.965658	-0.259817	1.000000
7.240000	0.941807	-0.336152	1.000000	0.941806	-0.336157	1.000000
7.280000	0.911932	-0.410341	1.000000	0.911930	-0.410346	1.000000
7.320000	0.876223	-0.481905	1.000000	0.876221	-0.481910	1.000000
7.360000	0.834909	-0.550387	1.000000	0.834907	-0.550391	1.000000
7.400000	0.788255	-0.615348	1.000000	0.788252	-0.615352	1.000000
7.440000	0.736558	-0.676373	1.000000	0.736555	-0.676377	1.000000
7.480000	0.680151	-0.733072	1.000000	0.680147	-0.733076	1.000000
7.520000	0.619392	-0.785081	1.000000	0.619388	-0.785085	1.000000
7.560000	0.554672	-0.832069	1.000000	0.554667	-0.832072	1.000000
7.600000	0.486403	-0.873734	1.000000	0.486399	-0.873737	1.000000
7.640000	0.415023	-0.909810	1.000000	0.415019	-0.909813	1.000000
7.680000	0.340989	-0.940067	1.000000	0.340984	-0.940069	1.000000
7.720000	0.264773	-0.964310	1.000000	0.264768	-0.964312	1.000000
7.760000	0.186864	-0.982386	1.000000	0.186858	-0.982387	1.000000
7.800000	0.107759	-0.994177	1.000000	0.107754	-0.994178	1.000000
7.840000	0.027965	-0.999609	1.000000	0.027960	-0.999609	1.000000
7.880000	-0.052008	-0.998646	1.000000	-0.052013	-0.998646	1.000000
7.920000	-0.131648	-0.991296	1.000000	-0.131653	-0.991296	1.000000
7.960000	-0.210446	-0.977605	1.000000	-0.210451	-0.977604	1.000000
8.000000	-0.287898	-0.957661	1.000000	-0.287903	-0.957659	1.000000
8.040000	-0.363508	-0.931591	1.000000	-0.363514	-0.931589	1.000000
8.080000	-0.436793	-0.899561	1.000000	-0.436799	-0.899559	1.000000
8.120000	-0.507285	-0.861778	1.000000	-0.507290	-0.861776	1.000000
8.160000	-0.574531	-0.818482	1.000000	-0.574536	-0.818480	1.000000
8.200000	-0.638102	-0.769951	1.000000	-0.638107	-0.769948	1.000000
8.240000	-0.697592	-0.716495	1.000000	-0.697596	-0.716491	1.000000
8.280000	-0.752619	-0.658456	1.000000	-0.752623	-0.658452	1.000000
8.320000	-0.802832	-0.596204	1.000000	-0.802836	-0.596200	1.000000
8.360000	-0.847910	-0.530139	1.000000	-0.847913	-0.530135	1.000000
8.400000	-0.887564	-0.460683	1.000000	-0.887567	-0.460679	1.000000
8.440000	-0.921541	-0.388281	1.000000	-0.921543	-0.388276	1.000000
8.480000	-0.949623	-0.313394	1.000000	-0.949625	-0.313389	1.000000
8.520000	-0.971630	-0.236503	1.000000	-0.971632	-0.236498	1.000000
8.560000	-0.987423	-0.158099	1.000000	-0.987424	-0.158094	1.000000
8.600000	-0.996899	-0.078684	1.000000	-0.996900	-0.078678	1.000000
8.640000	-0.999999	0.001235	1.000000	-0.999999	0.001240	1.000000
8.680000	-0.996702	0.081145	1.000000	-0.996702	0.081151	1.000000
8.720000	-0.987029	0.160537	1.000000	-0.987029	0.160543	1.000000
8.760000	-0.971043	0.238901	1.000000	-0.971042	0.238907	1.000000
8.800000	-0.948846	0.315738	1.000000	-0.948844	0.315744	1.000000
8.840000	-0.920579	0.390555	1.000000	-0.920577	0.390561	1.000000
8.880000	-0.886424	0.462874	1.000000	-0.886421	0.462879	1.000000
8.920000	-0.846598	0.532231	1.000000	-0.846596	0.532237	1.000000
8.960000	-0.801358	0.598185	1.000000	-0.801354	0.598190	1.000000
9.000000	-0.750991	0.660312	1.000000	-0.750987	0.660317	1.000000
9.040000	-0.695820	0.718215	1.000000	-0.695816	0.718220	1.000000
9.080000	-0.636199	0.771524	1.000000	-0.636195	0.771529	1.000000
9.120000	-0.572508	0.819898	1.000000	-0.572503	0.819902	1.000000
9.160000	-0.505155	0.863028	1.000000	-0.505150	0.863031	1.000000
9.200000	-0.434571	0.900637	1.000000	-0.434566	0.900640	1.000000
9.240000	-0.361207	0.932485	1.000000	-0.361201	0.932488	1.000000
9.280000	-0.285533	0.958369	1.000000	-0.285527	0.958371	1.000000
9.320000	-0.208032	0.978122	1.000000	-0.208026	0.978123	1.000000
9.360000	-0.129200	0.991618	1.000000	-0.129194	0.991619	1.000000
9.400000	-0.049542	0.998772	1.000000	-0.049536	0.998772	1.000000
9.440000	0.030433	0.999536	1.000000	0.030439	0.999537	1.000000
9.480000	0.110213	0.993908	1.000000	0.110220	0.993907	1.000000
9.520000	0.189289	0.981921	1.000000	0.189295	0.981920	1.000000
9.560000	0.267153	0.963654	1.000000	0.267159	0.963652	1.000000
9.600000	0.343309	0.939222	1.000000	0.343315	0.939220	1.000000
9.640000	0.417268	0.908783	1.000000	0.417274	0.908781	1.000000
9.680000	0.488559	0.872530	1.000000	0.488565	0.872528	1.000000
9.720000	0.556724	0.830697	1.000000	0.556730	0.830694	1.000000
9.760000	0.621329	0.783550	1.000000	0.621334	0.783546	1.000000
9.800000	0.681958	0.731390	1.000000	0.681964	0.731386	1.000000
9.840000	0.738226	0.674553	1.000000	0.738231	0.674548	1.000000
9.880000	0.789772	0.613400	1.000000	0.789776	0.613395	1.000000
9.920000	0.836265	0.548324	1.000000	0.836270	0.548319	1.000000
9.960000	0.877410	0.479740	1.000000	0.877414	0.479735	1.000000
10.000000	0.912942	0.408088	1.000000	0.912945	0.408082	1.000000
10.040000	0.942634	0.333825	1.000000	0.942637	0.333819	1.000000
10.080000	0.966297	0.257427	1.000000	0.966299	0.257421	1.000000
10.120000	0.983779	0.179383	1.000000	0.983781	0.179376	1.000000
10.160000	0.994968	0.100191	1.000000	0.994969	0.100184	1.000000
10.200000	0.999792	0.020358	1.000000	0.999793	0.020351	1.000000
10.240000	0.998222	-0.059605	1.000000	0.998222	-0.059612	1.000000
10.280000	0.990266	-0.139187	1.000000	0.990265	-0.139194	1.000000
10.320000	0.975975	-0.217879	1.000000	0.975974	-0.217886	1.000000
10.360000	0.955442	-0.295177	1.000000	0.955441	-0.295184	1.000000
10.400000	0.928797	-0.370587	1.000000	0.928795	-0.370593	1.000000
10.440000	0.896212	-0.443626	1.000000	0.896209	-0.443632	1.000000
10.480000	0.857893	-0.513827	1.000000	0.857890	-0.513834	1.000000
10.520000	0.814087	-0.580742	1.000000	0.814083	-0.580748	1.000000
10.560000	0.765073	-0.643942	1.000000	0.765069	-0.643948	1.000000
10.600000	0.711166	-0.703023	1.000000	0.711161	-0.703029	1.000000
10.640000	0.652710	-0.757608	1.000000	0.652704	-0.757613	1.000000
10.680000	0.590078	-0.807346	1.000000	0.590072	-0.807350	1.000000
10.720000	0.523672	-0.851919	1.000000	0.523666	-0.851924	1.000000
10.760000	0.453916	-0.891044	1.000000	0.453910	-0.891048	1.000000
10.800000	0.381257	-0.924469	1.000000	0.381250	-0.924472	1.000000
10.840000	0.306159	-0.951980	1.000000	0.306152	-0.951983	1.000000
10.880000	0.229103	-0.973402	1.000000	0.229096	-0.973404	1.000000
10.920000	0.150581	-0.988597	1.000000	0.150574	-0.988599	1.000000
10.960000	0.071096	-0.997469	1.000000	0.071089	-0.997470	1.000000
11.000000	-0.008844	-0.999960	1.000000	-0.008851	-0.999961	1.000000
11.040000	-0.088727	-0.996055	1.000000	-0.088735	-0.996055	1.000000
11.080000	-0.168043	-0.985779	1.000000	-0.168050	-0.985778	1.000000
11.120000	-0.246283	-0.969197	1.000000	-0.246291	-0.969196	1.000000
11.160000	-0.322949	-0.946416	1.000000	-0.322956	-0.946414	1.000000
11.200000	-0.397548	-0.917581	1.000000	-0.397556	-0.917578	1.000000
11.240000	-0.469605	-0.882876	1.000000	-0.469612	-0.882873	1.000000
11.280000	-0.538658	-0.842524	1.000000	-0.538665	-0.842520	1.000000
11.320000	-0.604265	-0.796783	1.000000	-0.604272	-0.796778	1.000000
11.360000	-0.666007	-0.745945	1.000000	-0.666013	-0.745940	1.000000
11.400000	-0.723489	-0.690335	1.000000	-0.723495	-0.690330	1.000000
11.440000	-0.776343	-0.630310	1.000000	-0.776348	-0.630304	1.000000
11.480000	-0.824231	-0.566253	1.000000	-0.824236	-0.566247	1.000000
11.520000	-0.866847	-0.498574	1.000000	-0.866851	-0.498567	1.000000
11.560000	-0.903918	-0.427705	1.000000	-0.903922	-0.427698	1.000000
11.600000	-0.935207	-0.354101	1.000000	-0.935210	-0.354094	1.000000
11.640000	-0.960513	-0.278232	1.000000	-0.960516	-0.278224	1.000000
11.680000	-0.979676	-0.200583	1.000000	-0.979678	-0.200575	1.000000
11.720000	-0.992572	-0.121651	1.000000	-0.992574	-0.121643	1.000000
11.760000	-0.999120	-0.041941	1.000000	-0.999120	-0.041933	1.000000
11.800000	-0.999276	0.038038	1.000000	-0.999276	0.038046	1.000000
11.840000	-0.993040	0.117773	1.000000	-0.993040	0.117781	1.000000
11.880000	-0.980452	0.196755	1.000000	-0.980451	0.196763	1.000000
11.920000	-0.961593	0.274478	1.000000	-0.961591	0.274486	1.000000
11.960000	-0.936583	0.350446	1.000000	-0.936580	0.350453	1.000000
12.000000	-0.905581	0.424171	1.000000	-0.905578	0.424179	1.000000
12.040000	-0.868788	0.495184	1.000000	-0.868784	0.495191	1.000000
12.080000	-0.826436	0.563029	1.000000	-0.826432	0.563036	1.000000
12.120000	-0.778799	0.627273	1.000000	-0.778794	0.627280	1.000000
12.160000	-0.726180	0.687504	1.000000	-0.726175	0.687510	1.000000
12.200000	-0.668916	0.743338	1.000000	-0.668910	0.743344	1.000000
12.240000	-0.607373	0.794416	1.000000	-0.607366	0.794422	1.000000
12.280000	-0.541945	0.840414	1.000000	-0.541938	0.840419	1.000000
12.320000	-0.473050	0.881035	1.000000	-0.473043	0.881039	1.000000
12.360000	-0.401129	0.916021	1.000000	-0.401122	0.916025	1.000000
12.400000	-0.326643	0.945147	1.000000	-0.326635	0.945151	1.000000
12.440000	-0.250067	0.968228	1.000000	-0.250059	0.968231	1.000000
12.480000	-0.171892	0.985115	1.000000	-0.171883	0.985117	1.000000
12.520000	-0.092617	0.995701	1.000000	-0.092608	0.995703	1.000000
12.560000	-0.012749	0.999918	1.000000	-0.012741	0.999919	1.000000
12.600000	0.067199	0.997739	1.000000	0.067208	0.997739	1.000000
12.640000	0.146719	0.989178	1.000000	0.146727	0.989177	1.000000
12.680000	0.225299	0.974289	1.000000	0.225308	0.974288	1.000000
12.720000	0.302438	0.953168	1.000000	0.302447	0.953166	1.000000
12.760000	0.377643	0.925951	1.000000	0.377652	0.925948	1.000000
12.800000	0.450433	0.892810	1.000000	0.450441	0.892806	1.000000
12.840000	0.520341	0.853958	1.000000	0.520348	0.853954	1.000000
12.880000	0.586920	0.809644	1.000000	0.586928	0.809639	1.000000
12.920000	0.649745	0.760151	1.000000	0.649752	0.760146	1.000000
12.960000	0.708415	0.705796	1.000000	0.708421	0.705790	1.000000
13.000000	0.762552	0.646926	1.000000	0.762558	0.646919	1.000000
13.040000	0.811812	0.583918	1.000000	0.811818	0.583911	1.000000
13.080000	0.855879	0.517174	1.000000	0.855885	0.517167	1.000000
13.120000	0.894472	0.447123	1.000000	0.894476	0.447115	1.000000
13.160000	0.927343	0.374211	1.000000	0.927347	0.374203	1.000000
13.200000	0.954282	0.298906	1.000000	0.954285	0.298898	1.000000
13.240000	0.975117	0.221689	1.000000	0.975119	0.221681	1.000000
13.280000	0.989714	0.143054	1.000000	0.989716	0.143045	1.000000
13.320000	0.997981	0.063504	1.000000	0.997982	0.063495	1.000000
13.360000	0.999864	-0.016453	1.000000	0.999864	-0.016462	1.000000
13.400000	0.995351	-0.096304	1.000000	0.995351	-0.096313	1.000000
13.440000	0.984472	-0.175539	1.000000	0.984471	-0.175548	1.000000
13.480000	0.967295	-0.253651	1.000000	0.967293	-0.253660	1.000000
13.520000	0.943931	-0.330141	1.000000	0.943928	-0.330150	1.000000
13.560000	0.914529	-0.404519	1.000000	0.914526	-0.404528	1.000000
13.600000	0.879277	-0.476310	1.000000	0.879273	-0.476318	1.000000
13.640000	0.838401	-0.545053	1.000000	0.838396	-0.545061	1.000000
13.680000	0.792161	-0.610311	1.000000	0.792156	-0.610318	1.000000
13.720000	0.740855	-0.671664	1.000000	0.740849	-0.671671	1.000000
13.760000	0.684810	-0.728721	1.000000	0.684803	-0.728728	1.000000
13.800000	0.624384	-0.781117	1.000000	0.624377	-0.781123	1.000000
13.840000	0.559964	-0.828516	1.000000	0.559957	-0.828522	1.000000
13.880000	0.491963	-0.870615	1.000000	0.491955	-0.870621	1.000000
13.920000	0.420815	-0.907146	1.000000	0.420806	-0.907151	1.000000
13.960000	0.346974	-0.937874	1.000000	0.346966	-0.937878	1.000000
14.000000	0.270915	-0.962603	1.000000	0.270906	-0.962606	1.000000
14.040000	0.193122	-0.981174	1.000000	0.193113	-0.981177	1.000000
14.080000	0.114094	-0.993469	1.000000	0.114085	-0.993471	1.000000
14.120000	0.034337	-0.999410	1.000000	0.034327	-0.999411	1.000000
14.160000	-0.045641	-0.998957	1.000000	-0.045650	-0.998957	1.000000
14.200000	-0.125326	-0.992115	1.000000	-0.125336	-0.992114	1.000000
14.240000	-0.204210	-0.978927	1.000000	-0.204219	-0.978925	1.000000
14.280000	-0.281787	-0.959476	1.000000	-0.281797	-0.959474	1.000000
14.320000	-0.357562	-0.933889	1.000000	-0.357571	-0.933886	1.000000
14.360000	-0.431050	-0.902327	1.000000	-0.431059	-0.902324	1.000000
14.400000	-0.501780	-0.864994	1.000000	-0.501789	-0.864990	1.000000
14.440000	-0.569301	-0.822128	1.000000	-0.569310	-0.822123	1.000000
14.480000	-0.633181	-0.774003	1.000000	-0.633189	-0.773997	1.000000
14.520000	-0.693010	-0.720927	1.000000	-0.693017	-0.720921	1.000000
14.560000	-0.748406	-0.663240	1.000000	-0.748413	-0.663233	1.000000
14.600000	-0.799015	-0.601310	1.000000	-0.799021	-0.601302	1.000000
14.640000	-0.844513	-0.535534	1.000000	-0.844519	-0.535526	1.000000
14.680000	-0.884609	-0.466332	1.000000	-0.884614	-0.466324	1.000000
14.720000	-0.919047	-0.394147	1.000000	-0.919051	-0.394138	1.000000
14.760000	-0.947605	-0.319441	1.000000	-0.947609	-0.319432	1.000000
14.800000	-0.970103	-0.242692	1.000000	-0.970106	-0.242683	1.000000
14.840000	-0.986395	-0.164391	1.000000	-0.986397	-0.164381	1.000000
14.880000	-0.996377	-0.085037	1.000000	-0.996379	-0.085027	1.000000
14.920000	-0.999986	-0.005140	1.000000	-0.999987	-0.005130	1.000000
14.960000	-0.997199	0.074790	1.000000	-0.997199	0.074800	1.000000
15.000000	-0.988033	0.154241	1.000000	-0.988032	0.154251	1.000000
15.040000	-0.972546	0.232706	1.000000	-0.972545	0.232716	1.000000
15.080000	-0.950839	0.309683	1.000000	-0.950837	0.309693	1.000000
15.120000	-0.923050	0.384678	1.000000	-0.923047	0.384688	1.000000
15.160000	-0.889356	0.457213	1.000000	-0.889352	0.457223	1.000000
15.200000	-0.849974	0.526823	1.000000	-0.849969	0.526833	1.000000
15.240000	-0.805155	0.593064	1.000000	-0.805149	0.593073	1.000000
15.280000	-0.755185	0.655511	1.000000	-0.755179	0.655519	1.000000
15.320000	-0.700385	0.713765	1.000000	-0.700378	0.713772	1.000000
15.360000	-0.641104	0.767453	1.000000	-0.641097	0.767460	1.000000
15.400000	-0.577723	0.816232	1.000000	-0.577715	0.816239	1.000000
15.440000	-0.510647	0.859790	1.000000	-0.510638	0.859796	1.000000
15.480000	-0.440304	0.897848	1.000000	-0.440294	0.897853	1.000000
15.520000	-0.367144	0.930163	1.000000	-0.367135	0.930168	1.000000
15.560000	-0.291636	0.956529	1.000000	-0.291626	0.956532	1.000000
15.600000	-0.214263	0.976775	1.000000	-0.214253	0.976778	1.000000
15.640000	-0.135519	0.990774	1.000000	-0.135508	0.990776	1.000000
15.680000	-0.055908	0.998435	1.000000	-0.055897	0.998437	1.000000
15.720000	0.024060	0.999710	1.000000	0.024071	0.999710	1.000000
15.760000	0.103875	0.994590	1.000000	0.103886	0.994589	1.000000
15.800000	0.183025	0.983108	1.000000	0.183036	0.983106	1.000000
15.840000	0.261004	0.965337	1.000000	0.261015	0.965335	1.000000
15.880000	0.337314	0.941391	1.000000	0.337325	0.941388	1.000000
15.920000	0.411466	0.911424	1.000000	0.411476	0.911420	1.000000
15.960000	0.482986	0.875627	1.000000	0.482996	0.875622	1.000000
16.000000	0.551417	0.834229	1.000000	0.551427	0.834223	1.000000
16.040000	0.616321	0.787494	1.000000	0.616330	0.787488	1.000000
16.080000	0.677282	0.735723	1.000000	0.677290	0.735716	1.000000
16.120000	0.733911	0.679245	1.000000	0.733919	0.679237	1.000000
16.160000	0.785845	0.618422	1.000000	0.785853	0.618414	1.000000
16.200000	0.832753	0.553644	1.000000	0.832759	0.553635	1.000000
16.240000	0.874334	0.485324	1.000000	0.874340	0.485315	1.000000
16.280000	0.910322	0.413900	1.000000	0.910327	0.413890	1.000000
16.320000	0.940487	0.339828	1.000000	0.940491	0.339818	1.000000
16.360000	0.964636	0.263582	1.000000	0.964640	0.263572	1.000000
16.400000	0.982615	0.185651	1.000000	0.982618	0.185640	1.000000
16.440000	0.994309	0.106531	1.000000	0.994311	0.106520	1.000000
16.480000	0.999642	0.026731	1.000000	0.999643	0.026720	1.000000
16.520000	0.998581	-0.053241	1.000000	0.998581	-0.053252	1.000000
16.560000	0.991132	-0.132872	1.000000	0.991132	-0.132883	1.000000
16.600000	0.977344	-0.211653	1.000000	0.977343	-0.211664	1.000000
16.640000	0.957304	-0.289080	1.000000	0.957302	-0.289091	1.000000
16.680000	0.931141	-0.364658	1.000000	0.931137	-0.364669	1.000000
16.720000	0.899021	-0.437904	1.000000	0.899017	-0.437914	1.000000
16.760000	0.861151	-0.508348	1.000000	0.861146	-0.508358	1.000000
16.800000	0.817772	-0.575541	1.000000	0.817766	-0.575550	1.000000
16.840000	0.769163	-0.639052	1.000000	0.769156	-0.639061	1.000000
16.880000	0.715633	-0.698475	1.000000	0.715625	-0.698484	1.000000
16.920000	0.657526	-0.753431	1.000000	0.657518	-0.753439	1.000000
16.960000	0.595213	-0.803567	1.000000	0.595204	-0.803575	1.000000
17.000000	0.529092	-0.848563	1.000000	0.529083	-0.848570	1.000000
17.040000	0.459587	-0.888132	1.000000	0.459577	-0.888138	1.000000
17.080000	0.387143	-0.922019	1.000000	0.387132	-0.922024	1.000000
17.120000	0.312222	-0.950008	1.000000	0.312211	-0.950013	1.000000
17.160000	0.235303	-0.971921	1.000000	0.235292	-0.971925	1.000000
17.200000	0.156880	-0.987617	1.000000	0.156869	-0.987619	1.000000
17.240000	0.077453	-0.996995	1.000000	0.077442	-0.996997	1.000000
17.280000	-0.002469	-0.999996	1.000000	-0.002481	-0.999997	1.000000
17.320000	-0.082376	-0.996601	1.000000	-0.082387	-0.996600	1.000000
17.360000	-0.161755	-0.986830	1.000000	-0.161767	-0.986829	1.000000
17.400000	-0.240100	-0.970747	1.000000	-0.240112	-0.970745	1.000000
17.440000	-0.316909	-0.948455	1.000000	-0.316920	-0.948452	1.000000
17.480000	-0.391691	-0.920096	1.000000	-0.391702	-0.920092	1.000000
17.520000	-0.463967	-0.885851	1.000000	-0.463978	-0.885847	1.000000
17.560000	-0.533276	-0.845940	1.000000	-0.533286	-0.845935	1.000000
17.600000	-0.599173	-0.800618	1.000000	-0.599183	-0.800612	1.000000
17.640000	-0.661238	-0.750175	1.000000	-0.661248	-0.750168	1.000000
17.680000	-0.719073	-0.694933	1.000000	-0.719082	-0.694925	1.000000
17.720000	-0.772309	-0.635246	1.000000	-0.772317	-0.635237	1.000000
17.760000	-0.820604	-0.571495	1.000000	-0.820612	-0.571486	1.000000
17.800000	-0.863651	-0.504089	1.000000	-0.863657	-0.504079	1.000000
17.840000	-0.901173	-0.433459	1.000000	-0.901179	-0.433448	1.000000
17.880000	-0.932930	-0.360055	1.000000	-0.932935	-0.360044	1.000000
17.920000	-0.958720	-0.284349	1.000000	-0.958724	-0.284338	1.000000
17.960000	-0.978377	-0.206824	1.000000	-0.978381	-0.206812	1.000000
18.000000	-0.991776	-0.127976	1.000000	-0.991779	-0.127964	1.000000
18.040000	-0.998832	-0.048309	1.000000	-0.998833	-0.048297	1.000000
18.080000	-0.999498	0.031667	1.000000	-0.999498	0.031679	1.000000
18.120000	-0.993770	0.111440	1.000000	-0.993770	0.111452	1.000000
18.160000	-0.981686	0.190500	1.000000	-0.981685	0.190513	1.000000
18.200000	-0.963323	0.268342	1.000000	-0.963320	0.268355	1.000000
18.240000	-0.938797	0.344468	1.000000	-0.938794	0.344480	1.000000
18.280000	-0.908267	0.418390	1.000000	-0.908262	0.418401	1.000000
18.320000	-0.871926	0.489635	1.000000	-0.871921	0.489647	1.000000
18.360000	-0.830009	0.557749	1.000000	-0.830002	0.557760	1.000000
18.400000	-0.782782	0.622295	1.000000	-0.782775	0.622305	1.000000
18.440000	-0.730548	0.682861	1.000000	-0.730540	0.682870	1.000000
18.480000	-0.673641	0.739058	1.000000	-0.673632	0.739067	1.000000
18.520000	-0.612424	0.790528	1.000000	-0.612415	0.790536	1.000000
18.560000	-0.547291	0.836941	1.000000	-0.547281	0.836949	1.000000
18.600000	-0.478657	0.878001	1.000000	-0.478646	0.878008	1.000000
18.640000	-0.406961	0.913445	1.000000	-0.406949	0.913451	1.000000
18.680000	-0.332661	0.943045	1.000000	-0.332650	0.943050	1.000000
18.720000	-0.256234	0.966614	1.000000	-0.256222	0.966618	1.000000
18.760000	-0.178168	0.983999	1.000000	-0.178156	0.984002	1.000000
18.800000	-0.098962	0.995090	1.000000	-0.098950	0.995092	1.000000
18.840000	-0.019123	0.999816	1.000000	-0.019111	0.999817	1.000000
18.880000	0.060838	0.998147	1.000000	0.060851	0.998147	1.000000
18.920000	0.140410	0.990093	1.000000	0.140423	0.990092	1.000000
18.960000	0.219083	0.975705	1.000000	0.219096	0.975703	1.000000
19.000000	0.296356	0.955077	1.000000	0.296369	0.955074	1.000000
19.040000	0.371733	0.928339	1.000000	0.371745	0.928335	1.000000
19.080000	0.444732	0.895663	1.000000	0.444744	0.895658	1.000000
19.120000	0.514886	0.857258	1.000000	0.514898	0.857252	1.000000
19.160000	0.581747	0.813369	1.000000	0.581758	0.813362	1.000000
19.200000	0.644886	0.764277	1.000000	0.644897	0.764270	1.000000
19.240000	0.703901	0.710297	1.000000	0.703911	0.710289	1.000000
19.280000	0.758413	0.651774	1.000000	0.758422	0.651764	1.000000
19.320000	0.808073	0.589081	1.000000	0.808082	0.589071	1.000000
19.360000	0.852565	0.522620	1.000000	0.852573	0.522609	1.000000
19.400000	0.891603	0.452816	1.000000	0.891610	0.452804	1.000000
19.440000	0.924938	0.380115	1.000000	0.924944	0.380103	1.000000
19.480000	0.952357	0.304984	1.000000	0.952362	0.304971	1.000000
19.520000	0.973683	0.227901	1.000000	0.973687	0.227888	1.000000
19.560000	0.988782	0.149360	1.000000	0.988785	0.149347	1.000000
19.600000	0.997556	0.069864	1.000000	0.997557	0.069851	1.000000
19.640000	0.999948	-0.010078	1.000000	0.999949	-0.010092	1.000000
19.680000	0.995945	-0.089957	1.000000	0.995944	-0.089970	1.000000
19.720000	0.985571	-0.169259	1.000000	0.985569	-0.169273	1.000000
19.760000	0.968892	-0.247480	1.000000	0.968890	-0.247493	1.000000
19.800000	0.946016	-0.324117	1.000000	0.946013	-0.324130	1.000000
19.840000	0.917089	-0.398681	1.000000	0.917084	-0.398694	1.000000
19.880000	0.882295	-0.470695	1.000000	0.882290	-0.470707	1.000000
19.920000	0.841858	-0.539697	1.000000	0.841851	-0.539709	1.000000
19.960000	0.796036	-0.605248	1.000000	0.796028	-0.605260	1.000000
