0.000000	0.000000	1.000000	1.000000	0.000000	1.000000	1.000000
0.040000	0.004000	0.999992	1.000000	0.004000	0.999992	1.000000
0.080000	0.008000	0.999968	1.000000	0.008000	0.999968	1.000000
0.120000	0.012000	0.999928	1.000000	0.012000	0.999928	1.000000
0.160000	0.015999	0.999872	1.000000	0.015999	0.999872	1.000000
0.200000	0.019999	0.999800	1.000000	0.019999	0.999800	1.000000
0.240000	0.023998	0.999712	1.000000	0.023998	0.999712	1.000000
0.280000	0.027996	0.999608	1.000000	0.027996	0.999608	1.000000
0.320000	0.031995	0.999488	1.000000	0.031995	0.999488	1.000000
0.360000	0.035992	0.999352	1.000000	0.035992	0.999352	1.000000
0.400000	0.039989	0.999200	1.000000	0.039989	0.999200	1.000000
0.440000	0.043986	0.999032	1.000000	0.043986	0.999032	1.000000
0.480000	0.047982	0.998848	1.000000	0.047982	0.998848	1.000000
0.520000	0.051977	0.998648	1.000000	0.051977	0.998648	1.000000
0.560000	0.055971	0.998432	1.000000	0.055971	0.998432	1.000000
0.600000	0.059964	0.998201	1.000000	0.059964	0.998201	1.000000
0.640000	0.063956	0.997953	1.000000	0.063956	0.997953	1.000000
0.680000	0.067948	0.997689	1.000000	0.067948	0.997689	1.000000
0.720000	0.071938	0.997409	1.000000	0.071938	0.997409	1.000000
0.760000	0.075927	0.997113	1.000000	0.075927	0.997113	1.000000
0.800000	0.079915	0.996802	1.000000	0.079915	0.996802	1.000000
0.840000	0.083901	0.996474	1.000000	0.083901	0.996474	1.000000
0.880000	0.087886	0.996130	1.000000	0.087886	0.996130	1.000000
0.920000	0.091870	0.995771	1.000000	0.091870	0.995771	1.000000
0.960000	0.095853	0.995396	1.000000	0.095853	0.995396	1.000000
1.000000	0.099833	0.995004	1.000000	0.099833	0.995004	1.000000
1.040000	0.103813	0.994597	1.000000	0.103813	0.994597	1.000000
1.080000	0.107790	0.994174	1.000000	0.107790	0.994174	1.000000
1.120000	0.111766	0.993735	1.000000	0.111766	0.993735	1.000000
1.160000	0.115740	0.993280	1.000000	0.115740	0.993280	1.000000
1.200000	0.119712	0.992809	1.000000	0.119712	0.992809	1.000000
1.240000	0.123682	0.992322	1.000000	0.123682	0.992322	1.000000
1.280000	0.127651	0.991819	1.000000	0.127651	0.991819	1.000000
1.320000	0.131617	0.991301	1.000000	0.131617	0.991301	1.000000
1.360000	0.135581	0.990766	1.000000	0.135581	0.990766	1.000000
1.400000	0.139543	0.990216	1.000000	0.139543	0.990216	1.000000
1.440000	0.143503	0.989650	1.000000	0.143503	0.989650	1.000000
1.480000	0.147460	0.989068	1.000000	0.147460	0.989068	1.000000
1.520000	0.151415	0.988470	1.000000	0.151415	0.988470	1.000000
1.560000	0.155368	0.987857	1.000000	0.155368	0.987857	1.000000
1.600000	0.159318	0.987227	1.000000	0.159318	0.987227	1.000000
1.640000	0.163266	0.986582	1.000000	0.163266	0.986582	1.000000
1.680000	0.167211	0.985921	1.000000	0.167211	0.985921	1.000000
1.720000	0.171153	0.985244	1.000000	0.171153	0.985244	1.000000
1.760000	0.175093	0.984552	1.000000	0.175093	0.984552	1.000000
1.800000	0.179030	0.983844	1.000000	0.179030	0.983844	1.000000
1.840000	0.182964	0.983120	1.000000	0.182964	0.983120	1.000000
1.880000	0.186895	0.982380	1.000000	0.186895	0.982380	1.000000
1.920000	0.190823	0.981625	1.000000	0.190823	0.981625	1.000000
1.960000	0.194747	0.980853	1.000000	0.194747	0.980853	1.000000
2.000000	0.198669	0.980067	1.000000	0.198669	0.980067	1.000000
2.040000	0.202588	0.979264	1.000000	0.202588	0.979264	1.000000
2.080000	0.206503	0.978446	1.000000	0.206503	0.978446	1.000000
2.120000	0.210416	0.977612	1.000000	0.210416	0.977612	1.000000
2.160000	0.214324	0.976763	1.000000	0.214324	0.976763	1.000000
2.200000	0.218230	0.975897	1.000000	0.218230	0.975897	1.000000
2.240000	0.222131	0.975017	1.000000	0.222131	0.975017	1.000000
2.280000	0.226030	0.974120	1.000000	0.226030	0.974120	1.000000
2.320000	0.229924	0.973208	1.000000	0.229924	0.973208	1.000000
2.360000	0.233815	0.972281	1.000000	0.233815	0.972281	1.000000
2.400000	0.237703	0.971338	1.000000	0.237703	0.971338	1.000000
2.440000	0.241586	0.970379	1.000000	0.241586	0.970379	1.000000
2.480000	0.245466	0.969405	1.000000	0.245466	0.969405	1.000000
2.520000	0.249341	0.968416	1.000000	0.249341	0.968416	1.000000
2.560000	0.253213	0.967411	1.000000	0.253213	0.967411	1.000000
2.600000	0.257081	0.966390	1.000000	0.257081	0.966390	1.000000
2.640000	0.260944	0.965354	1.000000	0.260944	0.965354	1.000000
2.680000	0.264803	0.964302	1.000000	0.264803	0.964302	1.000000
2.720000	0.268658	0.963236	1.000000	0.268658	0.963236	1.000000
2.760000	0.272509	0.962153	1.000000	0.272509	0.962153	1.000000
2.800000	0.276356	0.961055	1.000000	0.276356	0.961055	1.000000
2.840000	0.280198	0.959942	1.000000	0.280198	0.959942	1.000000
2.880000	0.284035	0.958814	1.000000	0.284035	0.958814	1.000000
2.920000	0.287868	0.957670	1.000000	0.287868	0.957670	1.000000
2.960000	0.291697	0.956511	1.000000	0.291697	0.956511	1.000000
3.000000	0.295520	0.955336	1.000000	0.295520	0.955336	1.000000
3.040000	0.299339	0.954147	1.000000	0.299339	0.954147	1.000000
3.080000	0.303153	0.952942	1.000000	0.303153	0.952942	1.000000
3.120000	0.306963	0.951722	1.000000	0.306963	0.951722	1.000000
3.160000	0.310767	0.950486	1.000000	0.310767	0.950486	1.000000
3.200000	0.314567	0.949235	1.000000	0.314567	0.949235	1.000000
3.240000	0.318361	0.947970	1.000000	0.318361	0.947970	1.000000
3.280000	0.322150	0.946689	1.000000	0.322150	0.946689	1.000000
3.320000	0.325934	0.945392	1.000000	0.325934	0.945392	1.000000
3.360000	0.329713	0.944081	1.000000	0.329713	0.944081	1.000000
3.400000	0.333487	0.942755	1.000000	0.333487	0.942755	1.000000
3.440000	0.337255	0.941413	1.000000	0.337255	0.941413	1.000000
3.480000	0.341018	0.940057	1.000000	0.341018	0.940057	1.000000
3.520000	0.344776	0.938685	1.000000	0.344776	0.938685	1.000000
3.560000	0.348528	0.937298	1.000000	0.348528	0.937298	1.000000
3.600000	0.352274	0.935897	1.000000	0.352274	0.935897	1.000000
3.640000	0.356015	0.934480	1.000000	0.356015	0.934480	1.000000
3.680000	0.359750	0.933049	1.000000	0.359750	0.933049	1.000000
3.720000	0.363479	0.931602	1.000000	0.363479	0.931602	1.000000
3.760000	0.367203	0.930141	1.000000	0.367203	0.930141	1.000000
3.800000	0.370920	0.928665	1.000000	0.370920	0.928665	1.000000
3.840000	0.374632	0.927174	1.000000	0.374632	0.927174	1.000000
3.880000	0.378338	0.925668	1.000000	0.378338	0.925668	1.000000
3.920000	0.382037	0.924147	1.000000	0.382037	0.924147	1.000000
3.960000	0.385731	0.922611	1.000000	0.385731	0.922611	1.000000
4.000000	0.389418	0.921061	1.000000	0.389418	0.921061	1.000000
4.040000	0.393099	0.919496	1.000000	0.393099	0.919496	1.000000
4.080000	0.396774	0.917916	1.000000	0.396774	0.917916	1.000000
4.120000	0.400443	0.916322	1.000000	0.400443	0.916322	1.000000
4.160000	0.404105	0.914713	1.000000	0.404105	0.914713	1.000000
4.200000	0.407760	0.913089	1.000000	0.407760	0.913089	1.000000
4.240000	0.411410	0.911451	1.000000	0.411410	0.911451	1.000000
4.280000	0.415052	0.909798	1.000000	0.415052	0.909798	1.000000
4.320000	0.418688	0.908130	1.000000	0.418688	0.908130	1.000000
4.360000	0.422317	0.906448	1.000000	0.422317	0.906448	1.000000
4.400000	0.425939	0.904752	1.000000	0.425939	0.904752	1.000000
4.440000	0.429555	0.903041	1.000000	0.429555	0.903041	1.000000
4.480000	0.433164	0.901315	1.000000	0.433164	0.901315	1.000000
4.520000	0.436766	0.899575	1.000000	0.436766	0.899575	1.000000
4.560000	0.440360	0.897821	1.000000	0.440360	0.897821	1.000000
4.600000	0.443948	0.896052	1.000000	0.443948	0.896052	1.000000
4.640000	0.447529	0.894270	1.000000	0.447529	0.894270	1.000000
4.680000	0.451102	0.892472	1.000000	0.451102	0.892472	1.000000
4.720000	0.454669	0.890661	1.000000	0.454669	0.890661	1.000000
4.760000	0.458228	0.888835	1.000000	0.458228	0.888835	1.000000
4.800000	0.461779	0.886995	1.000000	0.461779	0.886995	1.000000
4.840000	0.465323	0.885141	1.000000	0.465323	0.885141	1.000000
4.880000	0.468860	0.883272	1.000000	0.468860	0.883272	1.000000
4.920000	0.472390	0.881390	1.000000	0.472390	0.881390	1.000000
4.960000	0.475911	0.879493	1.000000	0.475911	0.879493	1.000000
5.000000	0.479426	0.877583	1.000000	0.479426	0.877583	1.000000
5.040000	0.482932	0.875658	1.000000	0.482932	0.875658	1.000000
5.080000	0.486431	0.873719	1.000000	0.486431	0.873719	1.000000
5.120000	0.489922	0.871766	1.000000	0.489922	0.871766	1.000000
5.160000	0.493405	0.869800	1.000000	0.493405	0.869800	1.000000
5.200000	0.496880	0.867819	1.000000	0.496880	0.867819	1.000000
5.240000	0.500347	0.865825	1.000000	0.500347	0.865825	1.000000
5.280000	0.503807	0.863816	1.000000	0.503807	0.863816	1.000000
5.320000	0.507258	0.861794	1.000000	0.507258	0.861794	1.000000
5.360000	0.510701	0.859758	1.000000	0.510701	0.859758	1.000000
5.400000	0.514136	0.857709	1.000000	0.514136	0.857709	1.000000
5.440000	0.517563	0.855645	1.000000	0.517563	0.855645	1.000000
5.480000	0.520981	0.853568	1.000000	0.520981	0.853568	1.000000
5.520000	0.524391	0.851477	1.000000	0.524391	0.851477	1.000000
5.560000	0.527793	0.849373	1.000000	0.527793	0.849373	1.000000
5.600000	0.531186	0.847255	1.000000	0.531186	0.847255	1.000000
5.640000	0.534571	0.845124	1.000000	0.534571	0.845124	1.000000
5.680000	0.537947	0.842979	1.000000	0.537947	0.842979	1.000000
5.720000	0.541315	0.840820	1.000000	0.541315	0.840820	1.000000
5.760000	0.544674	0.838648	1.000000	0.544674	0.838648	1.000000
5.800000	0.548024	0.836463	1.000000	0.548024	0.836463	1.000000
5.840000	0.551365	0.834264	1.000000	0.551365	0.834264	1.000000
5.880000	0.554698	0.832052	1.000000	0.554698	0.832052	1.000000
5.920000	0.558022	0.829826	1.000000	0.558022	0.829826	1.000000
5.960000	0.561337	0.827588	1.000000	0.561337	0.827588	1.000000
6.000000	0.564642	0.825336	1.000000	0.564642	0.825336	1.000000
6.040000	0.567939	0.823070	1.000000	0.567939	0.823070	1.000000
6.080000	0.571227	0.820792	1.000000	0.571227	0.820792	1.000000
6.120000	0.574506	0.818501	1.000000	0.574506	0.818501	1.000000
6.160000	0.577775	0.816196	1.000000	0.577775	0.816196	1.000000
6.200000	0.581035	0.813878	1.000000	0.581035	0.813878	1.000000
6.240000	0.584286	0.811548	1.000000	0.584286	0.811548	1.000000
6.280000	0.587528	0.809204	1.000000	0.587528	0.809204	1.000000
6.320000	0.590760	0.806848	1.000000	0.590760	0.806848	1.000000
6.360000	0.593982	0.804478	1.000000	0.593982	0.804478	1.000000
6.400000	0.597195	0.802096	1.000000	0.597195	0.802096	1.000000
6.440000	0.600399	0.799701	1.000000	0.600399	0.799701	1.000000
6.480000	0.603593	0.797293	1.000000	0.603593	0.797293	1.000000
6.520000	0.606777	0.794872	1.000000	0.606777	0.794872	1.000000
6.560000	0.609952	0.792438	1.000000	0.609952	0.792438	1.000000
6.600000	0.613117	0.789992	1.000000	0.613117	0.789992	1.000000
6.640000	0.616272	0.787533	1.000000	0.616272	0.787533	1.000000
6.680000	0.619417	0.785062	1.000000	0.619417	0.785062	1.000000
6.720000	0.622552	0.782578	1.000000	0.622552	0.782578	1.000000
6.760000	0.625678	0.780082	1.000000	0.625678	0.780082	1.000000
6.800000	0.628793	0.777573	1.000000	0.628793	0.777573	1.000000
6.840000	0.631898	0.775051	1.000000	0.631898	0.775051	1.000000
6.880000	0.634993	0.772518	1.000000	0.634993	0.772518	1.000000
6.920000	0.638078	0.769971	1.000000	0.638078	0.769971	1.000000
6.960000	0.641153	0.767413	1.000000	0.641153	0.767413	1.000000
7.000000	0.644218	0.764842	1.000000	0.644218	0.764842	1.000000
7.040000	0.647272	0.762259	1.000000	0.647272	0.762259	1.000000
7.080000	0.650316	0.759664	1.000000	0.650316	0.759664	1.000000
7.120000	0.653349	0.757057	1.000000	0.653349	0.757057	1.000000
7.160000	0.656372	0.754437	1.000000	0.656372	0.754437	1.000000
7.200000	0.659385	0.751806	1.000000	0.659385	0.751806	1.000000
7.240000	0.662387	0.749162	1.000000	0.662387	0.749162	1.000000
7.280000	0.665378	0.746507	1.000000	0.665378	0.746507	1.000000
7.320000	0.668359	0.743839	1.000000	0.668359	0.743839	1.000000
7.360000	0.671329	0.741160	1.000000	0.671329	0.741160	1.000000
7.400000	0.674288	0.738469	1.000000	0.674288	0.738469	1.000000
7.440000	0.677236	0.735766	1.000000	0.677236	0.735766	1.000000
7.480000	0.680174	0.733051	1.000000	0.680174	0.733051	1.000000
7.520000	0.683101	0.730324	1.000000	0.683101	0.730324	1.000000
7.560000	0.686017	0.727586	1.000000	0.686017	0.727586	1.000000
7.600000	0.688921	0.724836	1.000000	0.688921	0.724836	1.000000
7.640000	0.691815	0.722075	1.000000	0.691815	0.722075	1.000000
7.680000	0.694698	0.719302	1.000000	0.694698	0.719302	1.000000
7.720000	0.697570	0.716517	1.000000	0.697570	0.716517	1.000000
7.760000	0.700430	0.713721	1.000000	0.700430	0.713721	1.000000
7.800000	0.703279	0.710914	1.000000	0.703279	0.710914	1.000000
7.840000	0.706117	0.708095	1.000000	0.706117	0.708095	1.000000
7.880000	0.708944	0.705265	1.000000	0.708944	0.705265	1.000000
7.920000	0.711760	0.702423	1.000000	0.711760	0.702423	1.000000
7.960000	0.714564	0.699571	1.000000	0.714564	0.699571	1.000000
8.000000	0.717356	0.696707	1.000000	0.717356	0.696707	1.000000
8.040000	0.720137	0.693832	1.000000	0.720137	0.693832	1.000000
8.080000	0.722907	0.690946	1.000000	0.722907	0.690946	1.000000
8.120000	0.725665	0.688048	1.000000	0.725665	0.688048	1.000000
8.160000	0.728411	0.685140	1.000000	0.728411	0.685140	1.000000
8.200000	0.731146	0.682221	1.000000	0.731146	0.682221	1.000000
8.240000	0.733869	0.679291	1.000000	0.733869	0.679291	1.000000
8.280000	0.736580	0.676350	1.000000	0.736580	0.676350	1.000000
8.320000	0.739280	0.673399	1.000000	0.739280	0.673399	1.000000
8.360000	0.741967	0.670436	1.000000	0.741967	0.670436	1.000000
8.400000	0.744643	0.667463	1.000000	0.744643	0.667463	1.000000
8.440000	0.747307	0.664479	1.000000	0.747307	0.664479	1.000000
8.480000	0.749959	0.661484	1.000000	0.749959	0.661484	1.000000
8.520000	0.752599	0.658479	1.000000	0.752599	0.658479	1.000000
8.560000	0.755227	0.655464	1.000000	0.755227	0.655464	1.000000
8.600000	0.757843	0.652437	1.000000	0.757843	0.652437	1.000000
8.640000	0.760446	0.649401	1.000000	0.760446	0.649401	1.000000
8.680000	0.763038	0.646354	1.000000	0.763038	0.646354	1.000000
8.720000	0.765617	0.643297	1.000000	0.765617	0.643297	1.000000
8.760000	0.768184	0.640229	1.000000	0.768184	0.640229	1.000000
8.800000	0.770739	0.637151	1.000000	0.770739	0.637151	1.000000
8.840000	0.773281	0.634063	1.000000	0.773281	0.634063	1.000000
8.880000	0.775811	0.630965	1.000000	0.775811	0.630965	1.000000
8.920000	0.778329	0.627857	1.000000	0.778329	0.627857	1.000000
8.960000	0.780834	0.624738	1.000000	0.780834	0.624738	1.000000
9.000000	0.783327	0.621610	1.000000	0.783327	0.621610	1.000000
9.040000	0.785807	0.618472	1.000000	0.785807	0.618472	1.000000
9.080000	0.788275	0.615324	1.000000	0.788275	0.615324	1.000000
9.120000	0.790730	0.612166	1.000000	0.790730	0.612166	1.000000
9.160000	0.793172	0.608998	1.000000	0.793172	0.608998	1.000000
9.200000	0.795602	0.605820	1.000000	0.795602	0.605820	1.000000
9.240000	0.798019	0.602633	1.000000	0.798019	0.602633	1.000000
9.280000	0.800423	0.599436	1.000000	0.800423	0.599436	1.000000
9.320000	0.802814	0.596230	1.000000	0.802814	0.596230	1.000000
9.360000	0.805192	0.593014	1.000000	0.805192	0.593014	1.000000
9.400000	0.807558	0.589788	1.000000	0.807558	0.589788	1.000000
9.440000	0.809911	0.586553	1.000000	0.809911	0.586553	1.000000
9.480000	0.812251	0.583309	1.000000	0.812251	0.583309	1.000000
9.520000	0.814577	0.580055	1.000000	0.814577	0.580055	1.000000
9.560000	0.816891	0.576792	1.000000	0.816891	0.576792	1.000000
9.600000	0.819192	0.573520	1.000000	0.819192	0.573520	1.000000
9.640000	0.821479	0.570239	1.000000	0.821479	0.570239	1.000000
9.680000	0.823753	0.566948	1.000000	0.823753	0.566948	1.000000
9.720000	0.826015	0.563649	1.000000	0.826015	0.563649	1.000000
9.760000	0.828263	0.560340	1.000000	0.828263	0.560340	1.000000
9.800000	0.830497	0.557023	1.000000	0.830497	0.557023	1.000000
9.840000	0.832719	0.553696	1.000000	0.832719	0.553696	1.000000
9.880000	0.834927	0.550361	1.000000	0.834927	0.550361	1.000000
9.920000	0.837122	0.547017	1.000000	0.837122	0.547017	1.000000
9.960000	0.839303	0.543664	1.000000	0.839303	0.543664	1.000000
10.000000	0.841471	0.540302	1.000000	0.841471	0.540302	1.000000
10.040000	0.843625	0.536932	1.000000	0.843625	0.536932	1.000000
10.080000	0.845766	0.533553	1.000000	0.845766	0.533553	1.000000
10.120000	0.847894	0.530166	1.000000	0.847894	0.530166	1.000000
10.160000	0.850008	0.526770	1.000000	0.850008	0.526770	1.000000
10.200000	0.852108	0.523366	1.000000	0.852108	0.523366	1.000000
10.240000	0.854195	0.519953	1.000000	0.854195	0.519953	1.000000
10.280000	0.856268	0.516532	1.000000	0.856268	0.516532	1.000000
10.320000	0.858327	0.513103	1.000000	0.858327	0.513103	1.000000
10.360000	0.860372	0.509666	1.000000	0.860372	0.509666	1.000000
10.400000	0.862404	0.506220	1.000000	0.862404	0.506220	1.000000
10.440000	0.864422	0.502767	1.000000	0.864422	0.502767	1.000000
10.480000	0.866426	0.499305	1.000000	0.866426	0.499305	1.000000
10.520000	0.868417	0.495835	1.000000	0.868417	0.495835	1.000000
10.560000	0.870393	0.492358	1.000000	0.870393	0.492358	1.000000
10.600000	0.872355	0.488872	1.000000	0.872355	0.488872	1.000000
10.640000	0.874304	0.485379	1.000000	0.874304	0.485379	1.000000
10.680000	0.876239	0.481878	1.000000	0.876239	0.481878	1.000000
10.720000	0.878159	0.478369	1.000000	0.878159	0.478369	1.000000
10.760000	0.880065	0.474852	1.000000	0.880065	0.474852	1.000000
10.800000	0.881958	0.471328	1.000000	0.881958	0.471328	1.000000
10.840000	0.883836	0.467797	1.000000	0.883836	0.467797	1.000000
10.880000	0.885700	0.464258	1.000000	0.885700	0.464258	1.000000
10.920000	0.887550	0.460711	1.000000	0.887550	0.460711	1.000000
10.960000	0.889386	0.457157	1.000000	0.889386	0.457157	1.000000
11.000000	0.891207	0.453596	1.000000	0.891207	0.453596	1.000000
11.040000	0.893015	0.450028	1.000000	0.893015	0.450028	1.000000
11.080000	0.894808	0.446452	1.000000	0.894808	0.446452	1.000000
11.120000	0.896586	0.442869	1.000000	0.896586	0.442869	1.000000
11.160000	0.898351	0.439279	1.000000	0.898351	0.439279	1.000000
11.200000	0.900100	0.435682	1.000000	0.900100	0.435682	1.000000
11.240000	0.901836	0.432079	1.000000	0.901836	0.432079	1.000000
11.280000	0.903557	0.428468	1.000000	0.903557	0.428468	1.000000
11.320000	0.905264	0.424850	1.000000	0.905264	0.424850	1.000000
11.360000	0.906956	0.421226	1.000000	0.906956	0.421226	1.000000
11.400000	0.908633	0.417595	1.000000	0.908633	0.417595	1.000000
11.440000	0.910297	0.413957	1.000000	0.910297	0.413957	1.000000
11.480000	0.911945	0.410312	1.000000	0.911945	0.410312	1.000000
11.520000	0.913579	0.406661	1.000000	0.913579	0.406661	1.000000
11.560000	0.915198	0.403004	1.000000	0.915198	0.403004	1.000000
11.600000	0.916803	0.399340	1.000000	0.916803	0.399340	1.000000
11.640000	0.918393	0.395669	1.000000	0.918393	0.395669	1.000000
11.680000	0.919968	0.391992	1.000000	0.919968	0.391992	1.000000
11.720000	0.921529	0.388309	1.000000	0.921529	0.388309	1.000000
11.760000	0.923075	0.384620	1.000000	0.923075	0.384620	1.000000
11.800000	0.924606	0.380925	1.000000	0.924606	0.380925	1.000000
11.840000	0.926122	0.377223	1.000000	0.926122	0.377223	1.000000
11.880000	0.927624	0.373516	1.000000	0.927624	0.373516	1.000000
11.920000	0.929110	0.369802	1.000000	0.929110	0.369802	1.000000
11.960000	0.930582	0.366083	1.000000	0.930582	0.366083	1.000000
12.000000	0.932039	0.362358	1.000000	0.932039	0.362358	1.000000
12.040000	0.933481	0.358627	1.000000	0.933481	0.358627	1.000000
12.080000	0.934908	0.354890	1.000000	0.934908	0.354890	1.000000
12.120000	0.936320	0.351147	1.000000	0.936320	0.351147	1.000000
12.160000	0.937717	0.347399	1.000000	0.937717	0.347399	1.000000
12.200000	0.939099	0.343646	1.000000	0.939099	0.343646	1.000000
12.240000	0.940466	0.339887	1.000000	0.940466	0.339887	1.000000
12.280000	0.941818	0.336122	1.000000	0.941818	0.336122	1.000000
12.320000	0.943155	0.332352	1.000000	0.943155	0.332352	1.000000
12.360000	0.944477	0.328577	1.000000	0.944477	0.328577	1.000000
12.400000	0.945784	0.324796	1.000000	0.945784	0.324796	1.000000
12.440000	0.947076	0.321011	1.000000	0.947076	0.321011	1.000000
12.480000	0.948352	0.317220	1.000000	0.948352	0.317220	1.000000
12.520000	0.949613	0.313424	1.000000	0.949613	0.313424	1.000000
12.560000	0.950859	0.309623	1.000000	0.950859	0.309623	1.000000
12.600000	0.952090	0.305817	1.000000	0.952090	0.305817	1.000000
12.640000	0.953306	0.302006	1.000000	0.953306	0.302006	1.000000
12.680000	0.954506	0.298190	1.000000	0.954506	0.298190	1.000000
12.720000	0.955692	0.294370	1.000000	0.955692	0.294370	1.000000
12.760000	0.956861	0.290545	1.000000	0.956861	0.290545	1.000000
12.800000	0.958016	0.286715	1.000000	0.958016	0.286715	1.000000
12.840000	0.959155	0.282881	1.000000	0.959155	0.282881	1.000000
12.880000	0.960279	0.279042	1.000000	0.960279	0.279042	1.000000
12.920000	0.961387	0.275199	1.000000	0.961387	0.275199	1.000000
12.960000	0.962480	0.271351	1.000000	0.962480	0.271351	1.000000
13.000000	0.963558	0.267499	1.000000	0.963558	0.267499	1.000000
13.040000	0.964620	0.263642	1.000000	0.964620	0.263642	1.000000
13.080000	0.965667	0.259782	1.000000	0.965667	0.259782	1.000000
13.120000	0.966699	0.255917	1.000000	0.966699	0.255917	1.000000
13.160000	0.967715	0.252048	1.000000	0.967715	0.252048	1.000000
13.200000	0.968715	0.248175	1.000000	0.968715	0.248175	1.000000
13.240000	0.969700	0.244299	1.000000	0.969700	0.244299	1.000000
13.280000	0.970669	0.240418	1.000000	0.970669	0.240418	1.000000
13.320000	0.971623	0.236533	1.000000	0.971623	0.236533	1.000000
13.360000	0.972562	0.232645	1.000000	0.972562	0.232645	1.000000
13.400000	0.973485	0.228753	1.000000	0.973485	0.228753	1.000000
13.440000	0.974392	0.224857	1.000000	0.974392	0.224857	1.000000
13.480000	0.975283	0.220958	1.000000	0.975283	0.220958	1.000000
13.520000	0.976159	0.217055	1.000000	0.976159	0.217055	1.000000
13.560000	0.977020	0.213148	1.000000	0.977020	0.213148	1.000000
13.600000	0.977865	0.209239	1.000000	0.977865	0.209239	1.000000
13.640000	0.978694	0.205326	1.000000	0.978694	0.205326	1.000000
13.680000	0.979507	0.201409	1.000000	0.979507	0.201409	1.000000
13.720000	0.980305	0.197490	1.000000	0.980305	0.197490	1.000000
13.760000	0.981087	0.193567	1.000000	0.981087	0.193567	1.000000
13.800000	0.981854	0.189641	1.000000	0.981854	0.189641	1.000000
13.840000	0.982604	0.185712	1.000000	0.982604	0.185712	1.000000
13.880000	0.983339	0.181780	1.000000	0.983339	0.181780	1.000000
13.920000	0.984058	0.177845	1.000000	0.984058	0.177845	1.000000
13.960000	0.984762	0.173908	1.000000	0.984762	0.173908	1.000000
14.000000	0.985450	0.169967	1.000000	0.985450	0.169967	1.000000
14.040000	0.986122	0.166024	1.000000	0.986122	0.166024	1.000000
14.080000	0.986778	0.162078	1.000000	0.986778	0.162078	1.000000
14.120000	0.987418	0.158130	1.000000	0.987418	0.158130	1.000000
14.160000	0.988043	0.154179	1.000000	0.988043	0.154179	1.000000
14.200000	0.988652	0.150225	1.000000	0.988652	0.150225	1.000000
14.240000	0.989245	0.146270	1.000000	0.989245	0.146270	1.000000
14.280000	0.989822	0.142312	1.000000	0.989822	0.142312	1.000000
14.320000	0.990383	0.138351	1.000000	0.990383	0.138351	1.000000
14.360000	0.990929	0.134388	1.000000	0.990929	0.134388	1.000000
14.400000	0.991458	0.130424	1.000000	0.991458	0.130424	1.000000
14.440000	0.991972	0.126457	1.000000	0.991972	0.126457	1.000000
14.480000	0.992470	0.122488	1.000000	0.992470	0.122488	1.000000
14.520000	0.992952	0.118517	1.000000	0.992952	0.118517	1.000000
14.560000	0.993418	0.114544	1.000000	0.993418	0.114544	1.000000
14.600000	0.993868	0.110570	1.000000	0.993868	0.110570	1.000000
14.640000	0.994303	0.106593	1.000000	0.994303	0.106593	1.000000
14.680000	0.994721	0.102615	1.000000	0.994721	0.102615	1.000000
14.720000	0.995124	0.098636	1.000000	0.995124	0.098636	1.000000
14.760000	0.995510	0.094654	1.000000	0.995510	0.094654	1.000000
14.800000	0.995881	0.090672	1.000000	0.995881	0.090672	1.000000
14.840000	0.996236	0.086687	1.000000	0.996236	0.086687	1.000000
14.880000	0.996574	0.082702	1.000000	0.996574	0.082702	1.000000
14.920000	0.996897	0.078715	1.000000	0.996897	0.078715	1.000000
14.960000	0.997204	0.074727	1.000000	0.997204	0.074727	1.000000
15.000000	0.997495	0.070737	1.000000	0.997495	0.070737	1.000000
15.040000	0.997770	0.066747	1.000000	0.997770	0.066747	1.000000
15.080000	0.998029	0.062755	1.000000	0.998029	0.062755	1.000000
15.120000	0.998272	0.058762	1.000000	0.998272	0.058762	1.000000
15.160000	0.998499	0.054769	1.000000	0.998499	0.054769	1.000000
15.200000	0.998710	0.050774	1.000000	0.998710	0.050774	1.000000
15.240000	0.998905	0.046779	1.000000	0.998905	0.046779	1.000000
15.280000	0.999084	0.042783	1.000000	0.999084	0.042783	1.000000
15.320000	0.999248	0.038787	1.000000	0.999248	0.038787	1.000000
15.360000	0.999395	0.034789	1.000000	0.999395	0.034789	1.000000
15.400000	0.999526	0.030791	1.000000	0.999526	0.030791	1.000000
15.440000	0.999641	0.026793	1.000000	0.999641	0.026793	1.000000
15.480000	0.999740	0.022794	1.000000	0.999740	0.022794	1.000000
15.520000	0.999823	0.018795	1.000000	0.999823	0.018795	1.000000
15.560000	0.999891	0.014796	1.000000	0.999891	0.014796	1.000000
15.600000	0.999942	0.010796	1.000000	0.999942	0.010796	1.000000
15.640000	0.999977	0.006796	1.000000	0.999977	0.006796	1.000000
15.680000	0.999996	0.002796	1.000000	0.999996	0.002796	1.000000
15.720000	0.999999	-0.001204	1.000000	0.999999	-0.001204	1.000000
15.760000	0.999986	-0.005204	1.000000	0.999986	-0.005204	1.000000
15.800000	0.999958	-0.009204	1.000000	0.999958	-0.009204	1.000000
15.840000	0.999913	-0.013203	1.000000	0.999913	-0.013203	1.000000
15.880000	0.999852	-0.017203	1.000000	0.999852	-0.017203	1.000000
15.920000	0.999775	-0.021202	1.000000	0.999775	-0.021202	1.000000
15.960000	0.999682	-0.025201	1.000000	0.999682	-0.025201	1.000000
16.000000	0.999574	-0.029200	1.000000	0.999574	-0.029200	1.000000
16.040000	0.999449	-0.033198	1.000000	0.999449	-0.033198	1.000000
16.080000	0.999308	-0.037195	1.000000	0.999308	-0.037195	1.000000
16.120000	0.999151	-0.041192	1.000000	0.999151	-0.041192	1.000000
16.160000	0.998978	-0.045188	1.000000	0.998978	-0.045188	1.000000
16.200000	0.998790	-0.049184	1.000000	0.998790	-0.049184	1.000000
16.240000	0.998585	-0.053179	1.000000	0.998585	-0.053179	1.000000
16.280000	0.998364	-0.057172	1.000000	0.998364	-0.057172	1.000000
16.320000	0.998128	-0.061165	1.000000	0.998128	-0.061165	1.000000
16.360000	0.997875	-0.065157	1.000000	0.997875	-0.065157	1.000000
16.400000	0.997606	-0.069148	1.000000	0.997606	-0.069148	1.000000
16.440000	0.997322	-0.073138	1.000000	0.997322	-0.073138	1.000000
16.480000	0.997021	-0.077127	1.000000	0.997021	-0.077127	1.000000
16.520000	0.996705	-0.081114	1.000000	0.996705	-0.081114	1.000000
16.560000	0.996372	-0.085101	1.000000	0.996372	-0.085101	1.000000
16.600000	0.996024	-0.089085	1.000000	0.996024	-0.089085	1.000000
16.640000	0.995660	-0.093069	1.000000	0.995660	-0.093069	1.000000
16.680000	0.995279	-0.097051	1.000000	0.995279	-0.097051	1.000000
16.720000	0.994883	-0.101031	1.000000	0.994883	-0.101031	1.000000
16.760000	0.994471	-0.105010	1.000000	0.994471	-0.105010	1.000000
16.800000	0.994043	-0.108987	1.000000	0.994043	-0.108987	1.000000
16.840000	0.993599	-0.112962	1.000000	0.993599	-0.112962	1.000000
16.880000	0.993140	-0.116936	1.000000	0.993140	-0.116936	1.000000
16.920000	0.992664	-0.120907	1.000000	0.992664	-0.120907	1.000000
16.960000	0.992172	-0.124877	1.000000	0.992172	-0.124877	1.000000
17.000000	0.991665	-0.128844	1.000000	0.991665	-0.128844	1.000000
17.040000	0.991142	-0.132810	1.000000	0.991142	-0.132810	1.000000
17.080000	0.990602	-0.136774	1.000000	0.990602	-0.136774	1.000000
17.120000	0.990047	-0.140735	1.000000	0.990047	-0.140735	1.000000
17.160000	0.989476	-0.144694	1.000000	0.989476	-0.144694	1.000000
17.200000	0.988890	-0.148651	1.000000	0.988890	-0.148651	1.000000
17.240000	0.988287	-0.152605	1.000000	0.988287	-0.152605	1.000000
17.280000	0.987669	-0.156557	1.000000	0.987669	-0.156557	1.000000
17.320000	0.987035	-0.160506	1.000000	0.987035	-0.160506	1.000000
17.360000	0.986385	-0.164453	1.000000	0.986385	-0.164453	1.000000
17.400000	0.985719	-0.168397	1.000000	0.985719	-0.168397	1.000000
17.440000	0.985038	-0.172339	1.000000	0.985038	-0.172339	1.000000
17.480000	0.984340	-0.176278	1.000000	0.984340	-0.176278	1.000000
17.520000	0.983627	-0.180214	1.000000	0.983627	-0.180214	1.000000
17.560000	0.982899	-0.184147	1.000000	0.982899	-0.184147	1.000000
17.600000	0.982154	-0.188077	1.000000	0.982154	-0.188077	1.000000
17.640000	0.981394	-0.192004	1.000000	0.981394	-0.192004	1.000000
17.680000	0.980618	-0.195928	1.000000	0.980618	-0.195928	1.000000
17.720000	0.979827	-0.199849	1.000000	0.979827	-0.199849	1.000000
17.760000	0.979020	-0.203767	1.000000	0.979020	-0.203767	1.000000
17.800000	0.978197	-0.207681	1.000000	0.978197	-0.207681	1.000000
17.840000	0.977358	-0.211592	1.000000	0.977358	-0.211592	1.000000
17.880000	0.976504	-0.215500	1.000000	0.976504	-0.215500	1.000000
17.920000	0.975634	-0.219404	1.000000	0.975634	-0.219404	1.000000
17.960000	0.974749	-0.223305	1.000000	0.974749	-0.223305	1.000000
18.000000	0.973848	-0.227202	1.000000	0.973848	-0.227202	1.000000
18.040000	0.972931	-0.231096	1.000000	0.972931	-0.231096	1.000000
18.080000	0.971999	-0.234986	1.000000	0.971999	-0.234986	1.000000
18.120000	0.971051	-0.238872	1.000000	0.971051	-0.238872	1.000000
18.160000	0.970088	-0.242754	1.000000	0.970088	-0.242754	1.000000
18.200000	0.969109	-0.246632	1.000000	0.969109	-0.246632	1.000000
18.240000	0.968115	-0.250507	1.000000	0.968115	-0.250507	1.000000
18.280000	0.967105	-0.254377	1.000000	0.967105	-0.254377	1.000000
18.320000	0.966080	-0.258244	1.000000	0.966080	-0.258244	1.000000
18.360000	0.965039	-0.262106	1.000000	0.965039	-0.262106	1.000000
18.400000	0.963983	-0.265964	1.000000	0.963983	-0.265964	1.000000
18.440000	0.962911	-0.269818	1.000000	0.962911	-0.269818	1.000000
18.480000	0.961824	-0.273667	1.000000	0.961824	-0.273667	1.000000
18.520000	0.960722	-0.277512	1.000000	0.960722	-0.277512	1.000000
18.560000	0.959604	-0.281353	1.000000	0.959604	-0.281353	1.000000
18.600000	0.958471	-0.285189	1.000000	0.958471	-0.285189	1.000000
18.640000	0.957323	-0.289021	1.000000	0.957323	-0.289021	1.000000
18.680000	0.956159	-0.292848	1.000000	0.956159	-0.292848	1.000000
18.720000	0.954980	-0.296670	1.000000	0.954980	-0.296670	1.000000
18.760000	0.953786	-0.300487	1.000000	0.953786	-0.300487	1.000000
18.800000	0.952576	-0.304300	1.000000	0.952576	-0.304300	1.000000
18.840000	0.951351	-0.308108	1.000000	0.951351	-0.308108	1.000000
18.880000	0.950111	-0.311911	1.000000	0.950111	-0.311911	1.000000
18.920000	0.948856	-0.315709	1.000000	0.948856	-0.315709	1.000000
18.960000	0.947586	-0.319502	1.000000	0.947586	-0.319502	1.000000
19.000000	0.946300	-0.323290	1.000000	0.946300	-0.323290	1.000000
19.040000	0.944999	-0.327072	1.000000	0.944999	-0.327072	1.000000
19.080000	0.943684	-0.330850	1.000000	0.943684	-0.330850	1.000000
19.120000	0.942353	-0.334622	1.000000	0.942353	-0.334622	1.000000
19.160000	0.941007	-0.338388	1.000000	0.941007	-0.338388	1.000000
19.200000	0.939645	-0.342150	1.000000	0.939645	-0.342150	1.000000
19.240000	0.938269	-0.345905	1.000000	0.938269	-0.345905	1.000000
19.280000	0.936878	-0.349656	1.000000	0.936878	-0.349656	1.000000
19.320000	0.935472	-0.353400	1.000000	0.935472	-0.353400	1.000000
19.360000	0.934051	-0.357140	1.000000	0.934051	-0.357140	1.000000
19.400000	0.932615	-0.360873	1.000000	0.932615	-0.360873	1.000000
19.440000	0.931164	-0.364600	1.000000	0.931164	-0.364600	1.000000
19.480000	0.929698	-0.368322	1.000000	0.929698	-0.368322	1.000000
19.520000	0.928217	-0.372038	1.000000	0.928217	-0.372038	1.000000
19.560000	0.926722	-0.375748	1.000000	0.926722	-0.375748	1.000000
19.600000	0.925212	-0.379452	1.000000	0.925212	-0.379452	1.000000
19.640000	0.923686	-0.383150	1.000000	0.923686	-0.383150	1.000000
19.680000	0.922146	-0.386841	1.000000	0.922146	-0.386841	1.000000
19.720000	0.920592	-0.390527	1.000000	0.920592	-0.390527	1.000000
19.760000	0.919022	-0.394206	1.000000	0.919022	-0.394206	1.000000
19.800000	0.917438	-0.397879	1.000000	0.917438	-0.397879	1.000000
19.840000	0.915839	-0.401545	1.000000	0.915839	-0.401545	1.000000
19.880000	0.914226	-0.405206	1.000000	0.914226	-0.405206	1.000000
19.920000	0.912597	-0.408859	1.000000	0.912597	-0.408859	1.000000
19.960000	0.910955	-0.412506	1.000000	0.910955	-0.412506	1.000000
